                   0          1.57079633                   2
            0.009999          1.57474516                   2
            0.019998          1.57873911                   2
            0.029997          1.58277912                   4
            0.039996           1.5868662                   4
            0.049995          1.59100137                   4
            0.059994           1.5951857                   4
            0.069993          1.59942026                   4
            0.079992           1.6037062                   4
            0.089991          1.60804469                   4
             0.09999          1.61243693                   4
            0.109989          1.61688417                   4
            0.119988           1.6213877                   4
            0.129987          1.62594886                   4
            0.139986          1.63056904                   4
            0.149985          1.63524966                   4
            0.159984          1.63999223                   4
            0.169983          1.64479826                   4
            0.179982          1.64966938                   4
            0.189981          1.65460722                   4
             0.19998          1.65961352                   4
            0.209979          1.66469005                   4
            0.219978          1.66983868                   4
            0.229977          1.67506133                   4
            0.239976          1.68036001                   4
            0.249975          1.68573681                   4
            0.259974           1.6911939                   4
            0.269973          1.69673355                   4
            0.279972          1.70235811                   8
            0.289971          1.70807004                   8
             0.29997           1.7138719                   8
            0.309969          1.71976639                   8
            0.319968          1.72575628                   8
            0.329967          1.73184452                   8
            0.339966          1.73803415                   8
            0.349965          1.74432838                   8
            0.359964          1.75073055                   8
            0.369963          1.75724419                   8
            0.379962          1.76387297                   8
            0.389961          1.77062077                   8
             0.39996          1.77749163                   8
            0.409959          1.78448984                   8
            0.419958          1.79161988                   8
            0.429957          1.79888649                   8
            0.439956          1.80629464                   8
            0.449955           1.8138496                   8
            0.459954          1.82155691                   8
            0.469953          1.82942244                   8
            0.479952          1.83745241                   8
            0.489951          1.84565338                   8
             0.49995          1.85403232                   8
            0.509949          1.86259663                   8
            0.519948          1.87135418                   8
            0.529947          1.88031332                   8
            0.539946          1.88948297                   8
            0.549945          1.89887264                   8
            0.559944          1.90849247                   8
            0.569943          1.91835334                   8
            0.579942          1.92846689                   8
            0.589941          1.93884561                   8
             0.59994          1.94950293                   8
            0.609939          1.96045331                   8
            0.619938          1.97171235                   8
            0.629937          1.98329692                   8
            0.639936          1.99522528                   8
            0.649935          2.00751726                   8
            0.659934          2.02019442                   8
            0.669933          2.03328029                   8
            0.679932          2.04680058                   8
            0.689931          2.06078348                  16
             0.69993          2.07525997                  16
            0.709929          2.09026423                  16
            0.719928          2.10583406                  16
            0.729927          2.12201141                  16
            0.739926          2.13884305                  16
            0.749925          2.15638128                  16
            0.759924          2.17468487                  16
            0.769923          2.19382015                  16
            0.779922          2.21386237                  16
            0.789921          2.23489736                  16
             0.79992           2.2570236                  16
            0.809919          2.28035487                  16
            0.819918          2.30502349                  16
            0.829917          2.33118467                  16
            0.839916            2.359022                  16
            0.849915          2.38875488                  16
            0.859914          2.42064839                  16
            0.869913          2.45502688                  16
            0.879912          2.49229311                  16
            0.889911          2.53295553                  16
             0.89991          2.57766883                  16
            0.909909          2.62729582                  32
            0.919908          2.68300595                  32
            0.929907          2.74643999                  32
            0.939906          2.82000248                  32
            0.949905          2.90742308                  32
            0.959904           3.0149516                  32
            0.969903          3.15430209                  32
            0.979902          3.35174362                  64
            0.989901          3.69076646                  64
              0.9999          5.99158934                 512

                   0          1.57079633                   4
            0.009999          1.57474516                   4
            0.019998          1.57873911                   4
            0.029997          1.58277912                   4
            0.039996           1.5868662                   8
            0.049995          1.59100137                   8
            0.059994           1.5951857                   8
            0.069993          1.59942026                   8
            0.079992           1.6037062                   8
            0.089991          1.60804469                   8
             0.09999          1.61243693                   8
            0.109989          1.61688417                   8
            0.119988           1.6213877                   8
            0.129987          1.62594886                   8
            0.139986          1.63056904                   8
            0.149985          1.63524966                   8
            0.159984          1.63999223                   8
            0.169983          1.64479826                   8
            0.179982          1.64966938                   8
            0.189981          1.65460722                   8
             0.19998          1.65961352                   8
            0.209979          1.66469005                   8
            0.219978          1.66983868                   8
            0.229977          1.67506133                   8
            0.239976          1.68036001                   8
            0.249975          1.68573681                   8
            0.259974           1.6911939                   8
            0.269973          1.69673355                   8
            0.279972          1.70235811                   8
            0.289971          1.70807004                   8
             0.29997           1.7138719                   8
            0.309969          1.71976639                  16
            0.319968          1.72575628                  16
            0.329967          1.73184452                  16
            0.339966          1.73803415                  16
            0.349965          1.74432838                  16
            0.359964          1.75073055                  16
            0.369963          1.75724419                  16
            0.379962          1.76387297                  16
            0.389961          1.77062077                  16
             0.39996          1.77749163                  16
            0.409959          1.78448984                  16
            0.419958          1.79161988                  16
            0.429957          1.79888649                  16
            0.439956          1.80629464                  16
            0.449955           1.8138496                  16
            0.459954          1.82155691                  16
            0.469953          1.82942244                  16
            0.479952          1.83745241                  16
            0.489951          1.84565338                  16
             0.49995          1.85403232                  16
            0.509949          1.86259663                  16
            0.519948          1.87135418                  16
            0.529947          1.88031332                  16
            0.539946          1.88948297                  16
            0.549945          1.89887264                  16
            0.559944          1.90849247                  16
            0.569943          1.91835334                  16
            0.579942          1.92846689                  16
            0.589941          1.93884561                  16
             0.59994          1.94950293                  16
            0.609939          1.96045331                  16
            0.619938          1.97171235                  16
            0.629937          1.98329692                  16
            0.639936          1.99522528                  16
            0.649935          2.00751726                  16
            0.659934          2.02019442                  16
            0.669933          2.03328029                  16
            0.679932          2.04680058                  16
            0.689931          2.06078348                  16
             0.69993          2.07525997                  16
            0.709929          2.09026423                  16
            0.719928          2.10583406                  32
            0.729927          2.12201141                  32
            0.739926          2.13884305                  32
            0.749925          2.15638128                  32
            0.759924          2.17468487                  32
            0.769923          2.19382015                  32
            0.779922          2.21386237                  32
            0.789921          2.23489736                  32
             0.79992           2.2570236                  32
            0.809919          2.28035487                  32
            0.819918          2.30502349                  32
            0.829917          2.33118467                  32
            0.839916            2.359022                  32
            0.849915          2.38875488                  32
            0.859914          2.42064839                  32
            0.869913          2.45502688                  32
            0.879912          2.49229311                  32
            0.889911          2.53295553                  32
             0.89991          2.57766883                  32
            0.909909          2.62729582                  32
            0.919908          2.68300595                  64
            0.929907          2.74643999                  64
            0.939906          2.82000248                  64
            0.949905          2.90742308                  64
            0.959904           3.0149516                  64
            0.969903          3.15430209                  64
            0.979902          3.35174362                 128
            0.989901          3.69076646                 128
              0.9999          5.99158934                1024
