0
0.976562
1.95312
2.92969
3.90625
4.88281
5.85938
6.83594
7.8125
8.78906
9.76562
10.7422
11.7188
12.6953
13.6719
14.6484
15.625
16.6016
17.5781
18.5547
19.5312
20.5078
21.4844
22.4609
23.4375
24.4141
25.3906
26.3672
27.3438
28.3203
29.2969
30.2734
31.25
32.2266
33.2031
34.1797
35.1562
36.1328
37.1094
38.0859
39.0625
40.0391
41.0156
41.9922
42.9688
43.9453
44.9219
45.8984
46.875
47.8516
48.8281
49.8047
50.7812
51.7578
52.7344
53.7109
54.6875
55.6641
56.6406
57.6172
58.5938
59.5703
60.5469
61.5234
62.5
63.4766
64.4531
65.4297
66.4062
67.3828
68.3594
69.3359
70.3125
71.2891
72.2656
73.2422
74.2188
75.1953
76.1719
77.1484
78.125
79.1016
80.0781
81.0547
82.0312
83.0078
83.9844
84.9609
85.9375
86.9141
87.8906
88.8672
89.8438
90.8203
91.7969
92.7734
93.75
94.7266
95.7031
96.6797
97.6562
98.6328
99.6094
100.586
101.562
102.539
103.516
104.492
105.469
106.445
107.422
108.398
109.375
110.352
111.328
112.305
113.281
114.258
115.234
116.211
117.188
118.164
119.141
120.117
121.094
122.07
123.047
124.023
125
125.977
126.953
127.93
128.906
129.883
130.859
131.836
132.812
133.789
134.766
135.742
136.719
137.695
138.672
139.648
140.625
141.602
142.578
143.555
144.531
145.508
146.484
147.461
148.438
149.414
150.391
151.367
152.344
153.32
154.297
155.273
156.25
157.227
158.203
159.18
160.156
161.133
162.109
163.086
164.062
165.039
166.016
166.992
167.969
168.945
169.922
170.898
171.875
172.852
173.828
174.805
175.781
176.758
177.734
178.711
179.688
180.664
181.641
182.617
183.594
184.57
185.547
186.523
187.5
188.477
189.453
190.43
191.406
192.383
193.359
194.336
195.312
196.289
197.266
198.242
199.219
200.195
201.172
202.148
203.125
204.102
205.078
206.055
207.031
208.008
208.984
209.961
210.938
211.914
212.891
213.867
214.844
215.82
216.797
217.773
218.75
219.727
220.703
221.68
222.656
223.633
224.609
225.586
226.562
227.539
228.516
229.492
230.469
231.445
232.422
233.398
234.375
235.352
236.328
237.305
238.281
239.258
240.234
241.211
242.188
243.164
244.141
245.117
246.094
247.07
248.047
249.023
250
250.977
251.953
252.93
253.906
254.883
255.859
256.836
257.812
258.789
259.766
260.742
261.719
262.695
263.672
264.648
265.625
266.602
267.578
268.555
269.531
270.508
271.484
272.461
273.438
274.414
275.391
276.367
277.344
278.32
279.297
280.273
281.25
282.227
283.203
284.18
285.156
286.133
287.109
288.086
289.062
290.039
291.016
291.992
292.969
293.945
294.922
295.898
296.875
297.852
298.828
299.805
300.781
301.758
302.734
303.711
304.688
305.664
306.641
307.617
308.594
309.57
310.547
311.523
312.5
313.477
314.453
315.43
316.406
317.383
318.359
319.336
320.312
321.289
322.266
323.242
324.219
325.195
326.172
327.148
328.125
329.102
330.078
331.055
332.031
333.008
333.984
334.961
335.938
336.914
337.891
338.867
339.844
340.82
341.797
342.773
343.75
344.727
345.703
346.68
347.656
348.633
349.609
350.586
351.562
352.539
353.516
354.492
355.469
356.445
357.422
358.398
359.375
360.352
361.328
362.305
363.281
364.258
365.234
366.211
367.188
368.164
369.141
370.117
371.094
372.07
373.047
374.023
375
375.977
376.953
377.93
378.906
379.883
380.859
381.836
382.812
383.789
384.766
385.742
386.719
387.695
388.672
389.648
390.625
391.602
392.578
393.555
394.531
395.508
396.484
397.461
398.438
399.414
400.391
401.367
402.344
403.32
404.297
405.273
406.25
407.227
408.203
409.18
410.156
411.133
412.109
413.086
414.062
415.039
416.016
416.992
417.969
418.945
419.922
420.898
421.875
422.852
423.828
424.805
425.781
426.758
427.734
428.711
429.688
430.664
431.641
432.617
433.594
434.57
435.547
436.523
437.5
438.477
439.453
440.43
441.406
442.383
443.359
444.336
445.312
446.289
447.266
448.242
449.219
450.195
451.172
452.148
453.125
454.102
455.078
456.055
457.031
458.008
458.984
459.961
460.938
461.914
462.891
463.867
464.844
465.82
466.797
467.773
468.75
469.727
470.703
471.68
472.656
473.633
474.609
475.586
476.562
477.539
478.516
479.492
480.469
481.445
482.422
483.398
484.375
485.352
486.328
487.305
488.281
489.258
490.234
491.211
492.188
493.164
494.141
495.117
496.094
497.07
498.047
499.023
