499.023
498.047
497.07
496.094
495.117
494.141
493.164
492.188
491.211
490.234
489.258
488.281
487.305
486.328
485.352
484.375
483.398
482.422
481.445
480.469
479.492
478.516
477.539
476.562
475.586
474.609
473.633
472.656
471.68
470.703
469.727
468.75
467.773
466.797
465.82
464.844
463.867
462.891
461.914
460.938
459.961
458.984
458.008
457.031
456.055
455.078
454.102
453.125
452.148
451.172
450.195
449.219
448.242
447.266
446.289
445.312
444.336
443.359
442.383
441.406
440.43
439.453
438.477
437.5
436.523
435.547
434.57
433.594
432.617
431.641
430.664
429.688
428.711
427.734
426.758
425.781
424.805
423.828
422.852
421.875
420.898
419.922
418.945
417.969
416.992
416.016
415.039
414.062
413.086
412.109
411.133
410.156
409.18
408.203
407.227
406.25
405.273
404.297
403.32
402.344
401.367
400.391
399.414
398.438
397.461
396.484
395.508
394.531
393.555
392.578
391.602
390.625
389.648
388.672
387.695
386.719
385.742
384.766
383.789
382.812
381.836
380.859
379.883
378.906
377.93
376.953
375.977
375
374.023
373.047
372.07
371.094
370.117
369.141
368.164
367.188
366.211
365.234
364.258
363.281
362.305
361.328
360.352
359.375
358.398
357.422
356.445
355.469
354.492
353.516
352.539
351.562
350.586
349.609
348.633
347.656
346.68
345.703
344.727
343.75
342.773
341.797
340.82
339.844
338.867
337.891
336.914
335.938
334.961
333.984
333.008
332.031
331.055
330.078
329.102
328.125
327.148
326.172
325.195
324.219
323.242
322.266
321.289
320.312
319.336
318.359
317.383
316.406
315.43
314.453
313.477
312.5
311.523
310.547
309.57
308.594
307.617
306.641
305.664
304.688
303.711
302.734
301.758
300.781
299.805
298.828
297.852
296.875
295.898
294.922
293.945
292.969
291.992
291.016
290.039
289.062
288.086
287.109
286.133
285.156
284.18
283.203
282.227
281.25
280.273
279.297
278.32
277.344
276.367
275.391
274.414
273.438
272.461
271.484
270.508
269.531
268.555
267.578
266.602
265.625
264.648
263.672
262.695
261.719
260.742
259.766
258.789
257.812
256.836
255.859
254.883
253.906
252.93
251.953
250.977
250
249.023
248.047
247.07
246.094
245.117
244.141
243.164
242.188
241.211
240.234
239.258
238.281
237.305
236.328
235.352
234.375
233.398
232.422
231.445
230.469
229.492
228.516
227.539
226.562
225.586
224.609
223.633
222.656
221.68
220.703
219.727
218.75
217.773
216.797
215.82
214.844
213.867
212.891
211.914
210.938
209.961
208.984
208.008
207.031
206.055
205.078
204.102
203.125
202.148
201.172
200.195
199.219
198.242
197.266
196.289
195.312
194.336
193.359
192.383
191.406
190.43
189.453
188.477
187.5
186.523
185.547
184.57
183.594
182.617
181.641
180.664
179.688
178.711
177.734
176.758
175.781
174.805
173.828
172.852
171.875
170.898
169.922
168.945
167.969
166.992
166.016
165.039
164.062
163.086
162.109
161.133
160.156
159.18
158.203
157.227
156.25
155.273
154.297
153.32
152.344
151.367
150.391
149.414
148.438
147.461
146.484
145.508
144.531
143.555
142.578
141.602
140.625
139.648
138.672
137.695
136.719
135.742
134.766
133.789
132.812
131.836
130.859
129.883
128.906
127.93
126.953
125.977
125
124.023
123.047
122.07
121.094
120.117
119.141
118.164
117.188
116.211
115.234
114.258
113.281
112.305
111.328
110.352
109.375
108.398
107.422
106.445
105.469
104.492
103.516
102.539
101.562
100.586
99.6094
98.6328
97.6562
96.6797
95.7031
94.7266
93.75
92.7734
91.7969
90.8203
89.8438
88.8672
87.8906
86.9141
85.9375
84.9609
83.9844
83.0078
82.0312
81.0547
80.0781
79.1016
78.125
77.1484
76.1719
75.1953
74.2188
73.2422
72.2656
71.2891
70.3125
69.3359
68.3594
67.3828
66.4062
65.4297
64.4531
63.4766
62.5
61.5234
60.5469
59.5703
58.5938
57.6172
56.6406
55.6641
54.6875
53.7109
52.7344
51.7578
50.7812
49.8047
48.8281
47.8516
46.875
45.8984
44.9219
43.9453
42.9688
41.9922
41.0156
40.0391
39.0625
38.0859
37.1094
36.1328
35.1562
34.1797
33.2031
32.2266
31.25
30.2734
29.2969
28.3203
27.3438
26.3672
25.3906
24.4141
23.4375
22.4609
21.4844
20.5078
19.5312
18.5547
17.5781
16.6016
15.625
14.6484
13.6719
12.6953
11.7188
10.7422
9.76562
8.78906
7.8125
6.83594
5.85938
4.88281
3.90625
2.92969
1.95312
0.976562
0
