1.39873e-271
2.30588e-271
3.80061e-271
6.26301e-271
1.03187e-270
1.69974e-270
2.79932e-270
4.6093e-270
7.58806e-270
1.24893e-269
2.05524e-269
3.3814e-269
5.56219e-269
9.1476e-269
1.50412e-268
2.47269e-268
4.06416e-268
6.67858e-268
1.09727e-267
1.8024e-267
2.96009e-267
4.8604e-267
7.97906e-267
1.30962e-266
2.14907e-266
3.5259e-266
5.78365e-266
9.48523e-266
1.55527e-265
2.54964e-265
4.17891e-265
6.84796e-265
1.12195e-264
1.83779e-264
3.00978e-264
4.92816e-264
8.06768e-264
1.32046e-263
2.1608e-263
3.53524e-263
5.78276e-263
9.45724e-263
1.54635e-262
2.52792e-262
4.13173e-262
6.75171e-262
1.10308e-261
1.80184e-261
2.94265e-261
4.80478e-261
7.8437e-261
1.28021e-260
2.08908e-260
3.40834e-260
5.55959e-260
9.06685e-260
1.47837e-259
2.41003e-259
3.92804e-259
6.40091e-259
1.04285e-258
1.69869e-258
2.76642e-258
4.5044e-258
7.33278e-258
1.19348e-257
1.9421e-257
3.15968e-257
5.13957e-257
8.35842e-257
1.35905e-256
2.20932e-256
3.59084e-256
5.83506e-256
9.48001e-256
1.53987e-255
2.50077e-255
4.06047e-255
6.59162e-255
1.06985e-254
1.73605e-254
2.81656e-254
4.56864e-254
7.40914e-254
1.20133e-253
1.94747e-253
3.15639e-253
5.11476e-253
8.28652e-253
1.34225e-252
2.17373e-252
3.51959e-252
5.6976e-252
9.22156e-252
1.49221e-251
2.41418e-251
3.90501e-251
6.3152e-251
1.02109e-250
1.65066e-250
2.66785e-250
4.31102e-250
6.96484e-250
1.12501e-249
1.81682e-249
2.93348e-249
4.73551e-249
7.64299e-249
1.23331e-248
1.98974e-248
3.20946e-248
5.17585e-248
8.34535e-248
1.3453e-247
2.16825e-247
3.4939e-247
5.62893e-247
9.0668e-247
1.46014e-246
2.35098e-246
3.78458e-246
6.09113e-246
9.80149e-246
1.57688e-245
2.53641e-245
4.07899e-245
6.55841e-245
1.05429e-244
1.69446e-244
2.72281e-244
4.37438e-244
7.02632e-244
1.12838e-243
1.81172e-243
2.90833e-243
4.66776e-243
7.49007e-243
1.20165e-242
1.92744e-242
3.091e-242
4.95597e-242
7.94461e-242
1.2733e-241
2.04032e-241
3.26875e-241
5.23574e-241
8.3847e-241
1.34249e-240
2.14904e-240
3.43949e-240
5.50372e-240
8.80503e-240
1.40838e-239
2.25227e-239
3.6011e-239
5.75655e-239
9.20032e-239
1.47013e-238
2.34868e-238
3.75149e-238
5.99097e-238
9.56541e-238
1.52694e-237
2.437e-237
3.88867e-237
6.20384e-237
9.89538e-237
1.57804e-236
2.51603e-236
4.01077e-236
6.39223e-236
1.01857e-235
1.62271e-235
2.58467e-235
4.11607e-235
6.55349e-235
1.04322e-234
1.66032e-234
2.64194e-234
4.20306e-234
6.68531e-234
1.06314e-233
1.69034e-233
2.68701e-233
4.27049e-233
6.78577e-233
1.07804e-232
1.71231e-232
2.71921e-232
4.31735e-232
6.85338e-232
1.08769e-231
1.72592e-231
2.73808e-231
4.34297e-231
6.88715e-231
1.09196e-230
1.73095e-230
2.74333e-230
4.34694e-230
6.88657e-230
1.09077e-229
1.72735e-229
2.73488e-229
4.32922e-229
6.85164e-229
1.08416e-228
1.71515e-228
2.71286e-228
4.29007e-228
6.78288e-228
1.0722e-227
1.69455e-227
2.67759e-227
4.23006e-227
6.68133e-227
1.0551e-226
1.66584e-226
2.6296e-226
4.1501e-226
6.54847e-226
1.03308e-225
1.62946e-225
2.56959e-225
4.05134e-225
6.38625e-225
1.00648e-224
1.58592e-224
2.49843e-224
3.9352e-224
6.19698e-224
9.75677e-224
1.53584e-223
2.41712e-223
3.80333e-223
5.98333e-223
9.41098e-223
1.47993e-222
2.32679e-222
3.65754e-222
5.74823e-222
9.03216e-222
1.41894e-221
2.22867e-221
3.4998e-221
5.49482e-221
8.62536e-221
1.35367e-220
2.12404e-220
3.33216e-220
5.22639e-220
8.1958e-220
1.28497e-219
2.01423e-219
3.15673e-219
4.94628e-219
7.74879e-219
1.21367e-218
1.90057e-218
2.97562e-218
4.65784e-218
7.28962e-218
1.14061e-217
1.78437e-217
2.79091e-217
4.36434e-217
6.82346e-217
1.06661e-216
1.66693e-216
2.60461e-216
4.06893e-216
6.35525e-216
9.92425e-216
1.54944e-215
2.41862e-215
3.77461e-215
5.88965e-215
9.18798e-215
1.43306e-214
2.23471e-214
3.4841e-214
5.43093e-214
8.46391e-214
1.3188e-213
2.05449e-213
3.19992e-213
4.98297e-213
7.75801e-213
1.20761e-212
1.87938e-212
2.92426e-212
4.54915e-212
7.07552e-212
1.10027e-211
1.71062e-211
2.65901e-211
4.13239e-211
6.42088e-211
9.97474e-211
1.54925e-210
2.40577e-210
3.73509e-210
5.79775e-210
8.99771e-210
1.3961e-209
2.16579e-209
3.35914e-209
5.20899e-209
8.07591e-209
1.25182e-208
1.94002e-208
3.00597e-208
4.65667e-208
7.21239e-208
1.11685e-207
1.72912e-207
2.67651e-207
4.14215e-207
6.40908e-207
9.91467e-207
1.53347e-206
2.37128e-206
3.66611e-206
5.66683e-206
8.75767e-206
1.35316e-205
2.09038e-205
3.22859e-205
4.98556e-205
7.69711e-205
1.18811e-204
1.83356e-204
2.8291e-204
4.36431e-204
6.73124e-204
1.03798e-203
1.60027e-203
2.46668e-203
3.80142e-203
5.85722e-203
9.02298e-203
1.3897e-202
2.13997e-202
3.29462e-202
5.07126e-202
7.80442e-202
1.20082e-201
1.84726e-201
2.84114e-201
4.36887e-201
6.71675e-201
1.03243e-200
1.58664e-200
2.43786e-200
3.74499e-200
5.75184e-200
8.83234e-200
1.35599e-199
2.08139e-199
3.19419e-199
4.90098e-199
7.51826e-199
1.15309e-198
1.76818e-198
2.71082e-198
4.15515e-198
6.36777e-198
9.75665e-198
1.49461e-197
2.28911e-197
3.50526e-197
5.36644e-197
8.2142e-197
1.25706e-196
1.92337e-196
2.94226e-196
4.50001e-196
6.88111e-196
1.052e-195
1.608e-195
2.45738e-195
3.75465e-195
5.73561e-195
8.75999e-195
1.33764e-194
2.04216e-194
3.11712e-194
4.75696e-194
7.25803e-194
1.10719e-193
1.68864e-193
2.57493e-193
3.92562e-193
5.98361e-193
9.11867e-193
1.38935e-192
2.11645e-192
3.22341e-192
4.90836e-192
7.47257e-192
1.13741e-191
1.73092e-191
2.63361e-191
4.00624e-191
6.09308e-191
9.26509e-191
1.40856e-190
2.14099e-190
3.25362e-190
4.94348e-190
7.5095e-190
1.14052e-189
1.73184e-189
2.62921e-189
3.99077e-189
6.05621e-189
9.18878e-189
1.39389e-188
2.11404e-188
3.2056e-188
4.85981e-188
7.36617e-188
1.11629e-187
1.69133e-187
2.56206e-187
3.8803e-187
5.87563e-187
8.89521e-187
1.34639e-186
2.03751e-186
3.08277e-186
4.66332e-186
7.05283e-186
1.06646e-185
1.61227e-185
2.43694e-185
3.68269e-185
5.56414e-185
8.40514e-185
1.26942e-184
1.9168e-184
2.89376e-184
4.36779e-184
6.59135e-184
9.94488e-184
1.50016e-183
2.26251e-183
3.41157e-183
5.14319e-183
7.75217e-183
1.16823e-182
1.76013e-182
2.6514e-182
3.99318e-182
6.01278e-182
9.05202e-182
1.36247e-181
2.05033e-181
3.08485e-181
4.64041e-181
6.97898e-181
1.0494e-180
1.57762e-180
2.37125e-180
3.56341e-180
5.35386e-180
8.04232e-180
1.20784e-179
1.81363e-179
2.72272e-179
4.08668e-179
6.13269e-179
9.20119e-179
1.38023e-178
2.07e-178
3.10386e-178
4.65316e-178
6.97441e-178
1.04515e-177
1.5659e-177
2.34565e-177
3.51297e-177
5.26017e-177
7.87476e-177
1.17866e-176
1.76381e-176
2.63894e-176
3.94748e-176
5.90369e-176
8.82755e-176
1.31968e-175
1.97248e-175
2.9476e-175
4.40391e-175
6.57841e-175
9.82463e-175
1.46698e-174
2.19001e-174
3.26875e-174
4.87786e-174
7.27764e-174
1.08559e-173
1.61902e-173
2.41409e-173
3.59888e-173
5.36407e-173
7.99345e-173
1.19093e-172
1.774e-172
2.642e-172
3.93392e-172
5.85641e-172
8.71667e-172
1.29713e-171
1.92987e-171
2.87069e-171
4.26931e-171
6.34808e-171
9.43713e-171
1.40266e-170
2.08437e-170
3.09679e-170
4.60005e-170
6.83165e-170
1.01438e-169
1.50589e-169
2.23509e-169
3.31674e-169
4.92085e-169
7.29932e-169
1.08253e-168
1.60512e-168
2.37952e-168
3.52682e-168
5.22626e-168
7.74306e-168
1.14696e-167
1.69861e-167
2.5151e-167
3.7233e-167
5.51081e-167
8.15484e-167
1.2065e-166
1.78466e-166
2.63933e-166
3.90254e-166
5.76916e-166
8.52691e-166
1.26004e-165
1.86161e-165
2.74984e-165
4.06105e-165
5.99629e-165
8.85198e-165
1.30651e-164
1.92795e-164
2.84441e-164
4.19568e-164
6.18766e-164
9.12353e-164
1.34497e-163
1.98233e-163
2.92113e-163
4.30368e-163
6.33932e-163
9.33594e-163
1.37463e-162
2.02362e-162
2.9784e-162
4.38279e-162
6.4481e-162
9.48476e-162
1.39487e-161
2.05095e-161
3.015e-161
4.43134e-161
6.5117e-161
9.56682e-161
1.40525e-160
2.06373e-160
3.03016e-160
4.44827e-160
6.52875e-160
9.58037e-160
1.40555e-159
2.0617e-159
3.02355e-159
4.43324e-159
6.49889e-159
9.5251e-159
1.39577e-158
2.04489e-158
2.9953e-158
4.38656e-158
6.42275e-158
9.40222e-158
1.37611e-157
2.01367e-157
2.94604e-157
4.30924e-157
6.30196e-157
9.21434e-157
1.34699e-156
1.9687e-156
2.87679e-156
4.2029e-156
6.13908e-156
8.96543e-156
1.30904e-155
1.91093e-155
2.78902e-155
4.06979e-155
5.93751e-155
8.66066e-155
1.26302e-154
1.84155e-154
2.68453e-154
3.91261e-154
5.70136e-154
8.30623e-154
1.20988e-153
1.76195e-153
2.56542e-153
3.73452e-153
5.43533e-153
7.90915e-153
1.15066e-152
1.6737e-152
2.434e-152
3.53897e-152
5.14454e-152
7.47703e-152
1.08649e-151
1.57846e-151
2.29275e-151
3.32959e-151
4.83437e-151
7.0178e-151
1.01853e-150
1.47796e-150
2.1442e-150
3.11013e-150
4.51031e-150
6.53953e-150
9.47982e-150
1.37394e-149
1.99089e-149
2.88429e-149
4.17778e-149
6.05013e-149
8.75986e-149
1.26807e-148
1.83528e-148
2.65566e-148
3.84201e-148
5.5572e-148
8.03651e-148
1.16196e-147
1.67969e-147
2.42762e-147
3.50787e-147
5.06781e-147
7.32e-147
1.0571e-146
1.52627e-146
2.20323e-146
3.17982e-146
4.58837e-146
6.61953e-146
9.54793e-146
1.37691e-145
1.98524e-145
2.86177e-145
4.12448e-145
5.94315e-145
8.56205e-145
1.23325e-144
1.77598e-144
2.55705e-144
3.68089e-144
5.2976e-144
7.62288e-144
1.09666e-143
1.57739e-143
2.26839e-143
3.26144e-143
4.6883e-143
6.73804e-143
9.68201e-143
1.39095e-142
1.99788e-142
2.86906e-142
4.1193e-142
5.91318e-142
8.48656e-142
1.21774e-141
1.747e-141
2.50578e-141
3.5934e-141
5.15207e-141
7.38536e-141
1.05846e-140
1.51667e-140
2.17279e-140
3.11215e-140
4.45672e-140
6.38093e-140
9.13409e-140
1.30725e-139
1.87054e-139
2.67602e-139
3.82757e-139
5.47356e-139
7.82582e-139
1.11867e-138
1.59878e-138
2.28449e-138
3.26364e-138
4.66153e-138
6.65683e-138
9.5043e-138
1.3567e-137
1.93626e-137
2.76284e-137
3.94149e-137
5.62184e-137
8.01696e-137
1.14302e-136
1.62934e-136
2.3221e-136
3.30876e-136
4.7137e-136
6.71386e-136
9.56082e-136
1.36123e-135
1.93767e-135
2.75768e-135
3.92391e-135
5.58223e-135
7.9398e-135
1.12908e-134
1.60529e-134
2.28189e-134
3.24302e-134
4.60804e-134
6.54632e-134
9.29804e-134
1.32038e-133
1.87464e-133
2.66104e-133
3.77658e-133
5.35868e-133
7.60205e-133
1.07824e-132
1.52903e-132
2.16784e-132
3.07294e-132
4.35504e-132
6.17083e-132
8.74195e-132
1.23819e-131
1.75339e-131
2.48246e-131
3.51398e-131
4.97312e-131
7.03676e-131
9.95473e-131
1.40799e-130
1.99105e-130
2.815e-130
3.97913e-130
5.62355e-130
7.94596e-130
1.12252e-129
1.58547e-129
2.23889e-129
3.16097e-129
4.46192e-129
6.29703e-129
8.88512e-129
1.25344e-128
1.7679e-128
2.49302e-128
3.51484e-128
4.95448e-128
6.9824e-128
9.8384e-128
1.38598e-127
1.9521e-127
2.74892e-127
3.87021e-127
5.44778e-127
7.66687e-127
1.07877e-126
1.51759e-126
2.13448e-126
3.00153e-126
4.21995e-126
5.93177e-126
8.33633e-126
1.17133e-125
1.64549e-125
2.31113e-125
3.2454e-125
4.55642e-125
6.39578e-125
8.97585e-125
1.25942e-124
1.76677e-124
2.478e-124
3.47485e-124
4.87175e-124
6.82882e-124
9.57019e-124
1.34094e-123
1.87849e-123
2.63101e-123
3.68425e-123
5.1581e-123
7.22009e-123
1.01044e-122
1.4138e-122
1.97779e-122
2.76622e-122
3.86817e-122
5.40802e-122
7.55933e-122
1.05643e-121
1.47609e-121
2.06204e-121
2.88002e-121
4.02167e-121
5.61475e-121
7.83732e-121
1.09375e-120
1.5261e-120
2.12891e-120
2.96926e-120
4.14048e-120
5.77254e-120
8.0463e-120
1.12134e-119
1.56241e-119
2.17652e-119
3.03141e-119
4.22123e-119
5.87689e-119
8.18029e-119
1.13842e-118
1.58398e-118
2.20349e-118
3.06468e-118
4.26159e-118
5.92477e-118
8.2354e-118
1.14449e-117
1.5902e-117
2.20904e-117
3.0681e-117
4.26037e-117
5.9148e-117
8.21003e-117
1.13937e-116
1.58086e-116
2.193e-116
3.04156e-116
4.21762e-116
5.84725e-116
8.10492e-116
1.12321e-115
1.55626e-115
2.15585e-115
2.98586e-115
4.13458e-115
5.72411e-115
7.92313e-115
1.09648e-114
1.5171e-114
2.09867e-114
2.90258e-114
4.01365e-114
5.54891e-114
7.66989e-114
1.05994e-113
1.4645e-113
2.02307e-113
2.79412e-113
3.85826e-113
5.32662e-113
7.35232e-113
1.01464e-112
1.39994e-112
1.93118e-112
2.66347e-112
3.67272e-112
5.06337e-112
6.97918e-112
9.61795e-112
1.32518e-111
1.82549e-111
2.51418e-111
3.462e-111
4.76619e-111
6.56037e-111
9.02814e-111
1.24217e-110
1.70875e-110
2.35011e-110
3.23155e-110
4.4427e-110
6.10655e-110
8.39185e-110
1.15301e-109
1.58388e-109
2.17532e-109
2.98702e-109
4.10078e-109
5.62869e-109
7.72434e-109
1.05981e-108
1.45381e-108
1.9939e-108
2.73407e-108
3.74826e-108
5.13763e-108
7.04058e-108
9.64646e-108
1.32142e-107
1.80978e-107
2.47813e-107
3.39263e-107
4.64367e-107
6.35477e-107
8.69463e-107
1.18937e-106
1.62665e-106
2.22425e-106
3.0408e-106
4.15628e-106
5.67983e-106
7.7603e-106
1.06007e-105
1.44779e-105
1.97691e-105
2.69888e-105
3.68377e-105
5.02706e-105
6.85882e-105
9.35617e-105
1.27603e-104
1.73994e-104
2.37204e-104
3.23313e-104
4.40593e-104
6.00295e-104
8.17721e-104
1.11368e-103
1.51644e-103
2.06445e-103
2.80995e-103
3.82388e-103
5.20264e-103
7.07711e-103
9.62502e-103
1.30876e-102
1.77923e-102
2.41834e-102
3.28636e-102
4.46505e-102
6.06528e-102
8.23737e-102
1.11851e-101
1.51846e-101
2.06101e-101
2.79685e-101
3.79466e-101
5.14742e-101
6.98102e-101
9.4659e-101
1.28327e-100
1.73935e-100
2.35705e-100
3.19348e-100
4.32586e-100
5.8586e-100
7.93283e-100
1.07393e-99
1.45357e-99
1.96703e-99
2.66133e-99
3.59997e-99
4.86869e-99
6.58323e-99
8.89977e-99
1.20291e-98
1.62554e-98
2.19623e-98
2.96667e-98
4.00659e-98
5.40995e-98
7.3034e-98
9.85757e-98
1.33023e-97
1.79473e-97
2.42094e-97
3.26498e-97
4.40242e-97
5.93493e-97
7.99931e-97
1.07796e-96
1.45233e-96
1.95633e-96
2.6347e-96
3.5476e-96
4.77584e-96
6.42804e-96
8.65009e-96
1.16379e-95
1.56547e-95
2.10536e-95
2.83087e-95
3.80564e-95
5.11504e-95
6.87358e-95
9.23485e-95
1.24048e-94
1.66596e-94
2.23692e-94
3.00296e-94
4.03054e-94
5.40865e-94
7.25652e-94
9.73376e-94
1.30541e-93
1.75035e-93
2.34648e-93
3.145e-93
4.21443e-93
5.64638e-93
7.56335e-93
1.01291e-92
1.35626e-92
1.81562e-92
2.43009e-92
3.25187e-92
4.35067e-92
5.81959e-92
7.7829e-92
1.04065e-91
1.39117e-91
1.85938e-91
2.48468e-91
3.3196e-91
4.43419e-91
5.92182e-91
7.90697e-91
1.05555e-90
1.40883e-90
1.87998e-90
2.50819e-90
3.34564e-90
4.46183e-90
5.94922e-90
7.93084e-90
1.05704e-89
1.40857e-89
1.87662e-89
2.49971e-89
3.32901e-89
4.43255e-89
5.90072e-89
7.85362e-89
1.04508e-88
1.3904e-88
1.84945e-88
2.45958e-88
3.27032e-88
4.34745e-88
5.77818e-88
7.67823e-88
1.0201e-87
1.355e-87
1.79949e-87
2.38931e-87
3.17182e-87
4.20975e-87
5.58623e-87
7.41129e-87
9.83064e-87
1.30372e-86
1.72861e-86
2.29153e-86
3.03715e-86
4.02457e-86
5.33196e-86
7.06264e-86
9.3532e-86
1.23842e-85
1.63941e-85
2.1698e-85
2.87121e-85
3.79861e-85
5.02454e-85
6.6448e-85
8.78578e-85
1.16143e-84
1.53503e-84
2.0284e-84
2.67982e-84
3.53972e-84
4.67462e-84
6.17216e-84
8.14781e-84
1.07537e-83
1.41902e-83
1.87211e-83
2.46937e-83
3.25654e-83
4.29376e-83
5.66023e-83
7.46006e-83
9.83024e-83
1.29509e-82
1.70588e-82
2.24651e-82
2.9579e-82
3.89377e-82
5.12473e-82
6.7435e-82
8.87181e-82
1.16695e-81
1.53464e-81
2.01777e-81
2.65248e-81
3.48613e-81
4.58089e-81
6.01823e-81
7.90499e-81
1.03812e-80
1.36303e-80
1.78927e-80
2.34834e-80
3.08148e-80
4.04268e-80
5.30266e-80
6.95394e-80
9.11762e-80
1.19521e-79
1.56647e-79
2.05263e-79
2.68915e-79
3.52233e-79
4.61275e-79
6.03951e-79
7.90601e-79
1.03473e-78
1.35397e-78
1.77134e-78
2.31692e-78
3.02993e-78
3.96156e-78
5.17862e-78
6.76822e-78
8.84399e-78
1.15541e-77
1.50916e-77
1.97083e-77
2.57321e-77
3.35903e-77
4.38396e-77
5.72048e-77
7.46297e-77
9.73428e-77
1.26943e-76
1.65511e-76
2.15754e-76
2.81192e-76
3.66405e-76
4.77344e-76
6.2175e-76
8.09679e-76
1.0542e-75
1.37229e-75
1.78601e-75
2.32398e-75
3.0234e-75
3.93253e-75
5.11401e-75
6.64911e-75
8.64329e-75
1.12333e-74
1.45965e-74
1.89629e-74
2.46304e-74
3.19855e-74
4.15286e-74
5.39082e-74
6.99642e-74
9.0784e-74
1.17776e-73
1.52762e-73
1.98102e-73
2.56848e-73
3.32947e-73
4.31507e-73
5.59131e-73
7.24356e-73
9.38219e-73
1.21498e-72
1.57307e-72
2.03629e-72
2.63538e-72
3.41005e-72
4.41156e-72
5.70605e-72
7.37892e-72
9.54033e-72
1.23324e-71
1.59383e-71
2.05946e-71
2.66058e-71
3.43646e-71
4.43773e-71
5.72958e-71
7.39602e-71
9.54524e-71
1.23165e-70
1.58892e-70
2.04942e-70
2.64285e-70
3.40743e-70
4.39232e-70
5.66076e-70
7.29404e-70
9.39669e-70
1.21031e-69
1.55858e-69
2.00666e-69
2.58305e-69
3.32434e-69
4.27752e-69
5.50288e-69
7.07787e-69
9.1018e-69
1.17021e-68
1.50424e-68
1.93322e-68
2.48404e-68
3.19117e-68
4.09877e-68
5.26345e-68
6.75773e-68
8.6745e-68
1.11327e-67
1.42847e-67
1.83254e-67
2.35044e-67
3.0141e-67
3.86438e-67
4.95354e-67
6.3484e-67
8.1344e-67
1.04208e-66
1.33471e-66
1.70919e-66
2.18828e-66
2.80111e-66
3.58485e-66
4.58696e-66
5.86802e-66
7.50536e-66
9.59764e-66
1.22707e-65
1.56852e-65
2.00458e-65
2.56134e-65
3.2721e-65
4.17925e-65
5.33683e-65
6.81368e-65
8.69747e-65
1.10999e-64
1.4163e-64
1.80678e-64
2.30446e-64
2.93864e-64
3.74659e-64
4.77573e-64
6.08634e-64
7.75507e-64
9.87935e-64
1.2583e-63
1.60233e-63
2.04002e-63
2.59675e-63
3.30475e-63
4.20495e-63
5.34928e-63
6.80367e-63
8.65175e-63
1.09996e-62
1.39819e-62
1.77691e-62
2.25777e-62
2.86818e-62
3.64289e-62
4.62593e-62
5.87307e-62
7.45494e-62
9.46099e-62
1.20044e-61
1.52286e-61
1.93149e-61
2.44927e-61
3.10524e-61
3.93611e-61
4.98828e-61
6.32046e-61
8.0068e-61
1.01411e-60
1.28416e-60
1.62581e-60
2.05794e-60
2.60441e-60
3.29533e-60
4.16871e-60
5.27251e-60
6.66724e-60
8.42924e-60
1.06548e-59
1.34652e-59
1.70135e-59
2.14926e-59
2.71454e-59
3.42781e-59
4.32764e-59
5.46258e-59
6.89379e-59
8.69825e-59
1.09728e-58
1.38394e-58
1.74514e-58
2.20017e-58
2.7733e-58
3.49501e-58
4.40366e-58
5.54744e-58
6.9869e-58
8.79811e-58
1.10766e-57
1.39424e-57
1.75462e-57
2.2077e-57
2.77722e-57
3.49297e-57
4.39229e-57
5.52206e-57
6.94104e-57
8.7229e-57
1.096e-56
1.37681e-56
1.72921e-56
2.17139e-56
2.72608e-56
3.4218e-56
4.2942e-56
5.38796e-56
6.75894e-56
8.47708e-56
1.06299e-55
1.33267e-55
1.67043e-55
2.09338e-55
2.6229e-55
3.2857e-55
4.11517e-55
5.15301e-55
6.4513e-55
8.07507e-55
1.01055e-54
1.2644e-54
1.58169e-54
1.97822e-54
2.47365e-54
3.09255e-54
3.86552e-54
4.83072e-54
6.03573e-54
7.5398e-54
9.41681e-54
1.17587e-53
1.46801e-53
1.83237e-53
2.2867e-53
2.85311e-53
3.55911e-53
4.43892e-53
5.53511e-53
6.90062e-53
8.60128e-53
1.07189e-52
1.33553e-52
1.66367e-52
2.07202e-52
2.58009e-52
3.2121e-52
3.99813e-52
4.9755e-52
6.19056e-52
7.70081e-52
9.57759e-52
1.19094e-51
1.48059e-51
1.84032e-51
2.287e-51
2.84152e-51
3.5298e-51
4.38391e-51
5.4436e-51
6.75809e-51
8.38832e-51
1.04097e-50
1.29157e-50
1.60216e-50
1.98706e-50
2.46393e-50
3.05462e-50
3.78617e-50
4.69198e-50
5.81334e-50
7.20126e-50
8.91875e-50
1.10437e-49
1.36721e-49
1.69227e-49
2.0942e-49
2.59107e-49
3.20519e-49
3.96407e-49
4.90164e-49
6.05976e-49
7.49001e-49
9.25599e-49
1.1436e-48
1.41268e-48
1.74471e-48
2.15434e-48
2.65963e-48
3.28276e-48
4.05109e-48
4.99824e-48
6.1656e-48
7.60408e-48
9.3763e-48
1.15592e-47
1.42476e-47
1.75576e-47
2.16323e-47
2.66472e-47
3.28183e-47
4.04103e-47
4.97488e-47
6.1233e-47
7.53531e-47
9.27109e-47
1.14044e-46
1.40258e-46
1.72463e-46
2.12021e-46
2.606e-46
3.20245e-46
3.93462e-46
4.83323e-46
5.93588e-46
7.28863e-46
8.94787e-46
1.09826e-45
1.34774e-45
1.65356e-45
2.02837e-45
2.48763e-45
3.05027e-45
3.73942e-45
4.58335e-45
5.61662e-45
6.88146e-45
8.42944e-45
1.03236e-44
1.26408e-44
1.54751e-44
1.8941e-44
2.31786e-44
2.83586e-44
3.46893e-44
4.24247e-44
5.18747e-44
6.34169e-44
7.75118e-44
9.47205e-44
1.15727e-43
1.41363e-43
1.72644e-43
2.10804e-43
2.57348e-43
3.14106e-43
3.83305e-43
4.67655e-43
5.70453e-43
6.95708e-43
8.48297e-43
1.03414e-42
1.26046e-42
1.53599e-42
1.87138e-42
2.27954e-42
2.77618e-42
3.38034e-42
4.11515e-42
5.00869e-42
6.09504e-42
7.41552e-42
9.02028e-42
1.09701e-41
1.33388e-41
1.62156e-41
1.9709e-41
2.39502e-41
2.90982e-41
3.53456e-41
4.29259e-41
5.21214e-41
6.3274e-41
7.67977e-41
9.31932e-41
1.13066e-40
1.3715e-40
1.6633e-40
2.01679e-40
2.4449e-40
2.9633e-40
3.59091e-40
4.35056e-40
5.26987e-40
6.38215e-40
7.72765e-40
9.35494e-40
1.13226e-39
1.37015e-39
1.65768e-39
2.00515e-39
2.42497e-39
2.9321e-39
3.54458e-39
4.28414e-39
5.17697e-39
6.25462e-39
7.55508e-39
9.1241e-39
1.10168e-38
1.32994e-38
1.60518e-38
1.93699e-38
2.33692e-38
2.81887e-38
3.39952e-38
4.09897e-38
4.94133e-38
5.95562e-38
7.17666e-38
8.64633e-38
1.04149e-37
1.25426e-37
1.51021e-37
1.81802e-37
2.18813e-37
2.63307e-37
3.16784e-37
3.81046e-37
4.58252e-37
5.50992e-37
6.62367e-37
7.96096e-37
9.56633e-37
1.14931e-36
1.38053e-36
1.65792e-36
1.99066e-36
2.38969e-36
2.86814e-36
3.4417e-36
4.12912e-36
4.95286e-36
5.93973e-36
7.12183e-36
8.53747e-36
1.02325e-35
1.22615e-35
1.469e-35
1.75959e-35
2.10724e-35
2.52308e-35
3.02037e-35
3.61495e-35
4.32572e-35
5.17521e-35
6.19027e-35
7.40296e-35
8.85143e-35
1.05812e-34
1.26465e-34
1.51119e-34
1.80542e-34
2.15652e-34
2.57537e-34
3.07497e-34
3.67074e-34
4.38108e-34
5.22782e-34
6.23697e-34
7.43943e-34
8.87195e-34
1.05782e-33
1.26101e-33
1.50292e-33
1.79088e-33
2.1336e-33
2.54138e-33
3.02651e-33
3.60351e-33
4.28967e-33
5.10545e-33
6.07516e-33
7.22762e-33
8.59696e-33
1.02237e-32
1.21558e-32
1.44502e-32
1.71742e-32
2.04076e-32
2.4245e-32
2.87981e-32
3.41994e-32
4.06057e-32
4.82024e-32
5.72089e-32
6.78846e-32
8.05364e-32
9.5527e-32
1.13285e-31
1.34318e-31
1.59224e-31
1.8871e-31
2.23611e-31
2.64915e-31
3.13785e-31
3.71597e-31
4.39971e-31
5.20822e-31
6.16408e-31
7.2939e-31
8.62909e-31
1.02066e-30
1.20702e-30
1.42711e-30
1.687e-30
1.99382e-30
2.35597e-30
2.78335e-30
3.28759e-30
3.8824e-30
4.58392e-30
5.41111e-30
6.38629e-30
7.53572e-30
8.89024e-30
1.04861e-29
1.2366e-29
1.458e-29
1.7187e-29
2.02561e-29
2.38684e-29
2.81192e-29
3.31205e-29
3.90036e-29
4.59224e-29
5.40578e-29
6.36217e-29
7.48626e-29
8.80719e-29
1.03591e-28
1.21821e-28
1.4323e-28
1.68368e-28
1.97879e-28
2.32515e-28
2.73159e-28
3.20844e-28
3.76777e-28
4.42373e-28
5.19286e-28
6.09448e-28
7.15122e-28
8.38952e-28
9.84028e-28
1.15396e-27
1.35297e-27
1.58597e-27
1.85874e-27
2.17798e-27
2.55154e-27
2.98858e-27
3.49977e-27
4.09759e-27
4.79656e-27
5.61364e-27
6.56859e-27
7.68445e-27
8.98807e-27
1.05108e-26
1.22889e-26
1.43651e-26
1.67886e-26
1.9617e-26
2.29174e-26
2.67678e-26
3.12587e-26
3.64959e-26
4.26019e-26
4.97196e-26
5.80148e-26
6.76805e-26
7.89408e-26
9.20561e-26
1.07329e-25
1.25111e-25
1.45809e-25
1.69898e-25
1.97927e-25
2.30534e-25
2.68459e-25
3.12561e-25
3.63834e-25
4.23434e-25
4.92699e-25
5.73179e-25
6.66672e-25
7.7526e-25
9.01354e-25
1.04775e-24
1.21767e-24
1.41488e-24
1.64369e-24
1.90912e-24
2.21697e-24
2.57395e-24
2.98782e-24
3.46753e-24
4.02346e-24
4.66759e-24
5.41376e-24
6.27795e-24
7.27863e-24
8.43714e-24
9.77808e-24
1.13299e-23
1.31253e-23
1.52022e-23
1.76043e-23
2.03818e-23
2.35928e-23
2.73043e-23
3.15932e-23
3.65486e-23
4.22728e-23
4.88837e-23
5.65171e-23
6.53295e-23
7.55008e-23
8.72383e-23
1.0078e-22
1.16401e-22
1.34417e-22
1.55189e-22
1.79136e-22
2.06736e-22
2.38541e-22
2.75185e-22
3.17394e-22
3.66004e-22
4.21974e-22
4.86406e-22
5.60564e-22
6.45899e-22
7.44076e-22
8.57005e-22
9.86875e-22
1.1362e-21
1.30785e-21
1.50514e-21
1.73185e-21
1.9923e-21
2.29146e-21
2.63501e-21
3.02947e-21
3.48228e-21
4.00198e-21
4.59831e-21
5.28244e-21
6.06714e-21
6.96702e-21
7.99877e-21
9.18148e-21
1.05369e-20
1.20901e-20
1.38694e-20
1.59075e-20
1.82413e-20
2.09134e-20
2.3972e-20
2.74726e-20
3.1478e-20
3.60601e-20
4.13011e-20
4.72942e-20
5.41462e-20
6.19785e-20
7.09296e-20
8.11572e-20
9.2841e-20
1.06186e-19
1.21424e-19
1.38821e-19
1.5868e-19
1.81343e-19
2.07201e-19
2.36699e-19
2.70342e-19
3.08706e-19
3.52443e-19
4.02296e-19
4.59109e-19
5.23841e-19
5.9758e-19
6.81563e-19
7.77192e-19
8.86063e-19
1.00998e-18
1.151e-18
1.31145e-18
1.49396e-18
1.70154e-18
1.93757e-18
2.20589e-18
2.51088e-18
2.85746e-18
3.25123e-18
3.69852e-18
4.20651e-18
4.78331e-18
5.43812e-18
6.18133e-18
7.0247e-18
7.98155e-18
9.06692e-18
1.02978e-17
1.16935e-17
1.32757e-17
1.50689e-17
1.71009e-17
1.94031e-17
2.20108e-17
2.49639e-17
2.83077e-17
3.20928e-17
3.63769e-17
4.12245e-17
4.67088e-17
5.29121e-17
5.99273e-17
6.7859e-17
7.68252e-17
8.69587e-17
9.8409e-17
1.11345e-16
1.25956e-16
1.42456e-16
1.61085e-16
1.82114e-16
2.05847e-16
2.32626e-16
2.62837e-16
2.96911e-16
3.35336e-16
3.78658e-16
4.27491e-16
4.82525e-16
5.44535e-16
6.14392e-16
6.93071e-16
7.8167e-16
8.81419e-16
9.93697e-16
1.12005e-15
1.26223e-15
1.42216e-15
1.60204e-15
1.80431e-15
2.03171e-15
2.28731e-15
2.57456e-15
2.89729e-15
3.25984e-15
3.66701e-15
4.12422e-15
4.63751e-15
5.21364e-15
5.86016e-15
6.58555e-15
7.39924e-15
8.31181e-15
9.33506e-15
1.04822e-14
1.17679e-14
1.32087e-14
1.4823e-14
1.66312e-14
1.86562e-14
2.09236e-14
2.34619e-14
2.63029e-14
2.94819e-14
3.30386e-14
3.7017e-14
4.14662e-14
4.64408e-14
5.20018e-14
5.8217e-14
6.51621e-14
7.29211e-14
8.15876e-14
9.12659e-14
1.02072e-13
1.14134e-13
1.27597e-13
1.42619e-13
1.59378e-13
1.7807e-13
1.98915e-13
2.22155e-13
2.48062e-13
2.76934e-13
3.09104e-13
3.44942e-13
3.84859e-13
4.29309e-13
4.78797e-13
5.33883e-13
5.95188e-13
6.634e-13
7.39281e-13
8.23676e-13
9.17523e-13
1.02186e-12
1.13783e-12
1.26671e-12
1.4099e-12
1.56897e-12
1.74564e-12
1.94181e-12
2.1596e-12
2.40133e-12
2.66958e-12
2.96721e-12
3.29736e-12
3.66351e-12
4.06951e-12
4.51959e-12
5.01846e-12
5.57127e-12
6.18373e-12
6.86216e-12
7.61349e-12
8.4454e-12
9.36634e-12
1.03856e-11
1.15135e-11
1.27614e-11
1.41416e-11
1.5668e-11
1.73557e-11
1.92214e-11
2.12833e-11
2.35617e-11
2.60788e-11
2.8859e-11
3.19292e-11
3.5319e-11
3.90609e-11
4.31906e-11
4.77473e-11
5.27742e-11
5.83187e-11
6.44328e-11
7.11736e-11
7.8604e-11
8.67927e-11
9.58153e-11
1.05755e-10
1.16702e-10
1.28756e-10
1.42028e-10
1.56636e-10
1.72711e-10
1.90399e-10
2.09856e-10
2.31255e-10
2.54786e-10
2.80654e-10
3.09087e-10
3.40332e-10
3.74661e-10
4.1237e-10
4.53784e-10
4.99258e-10
5.49178e-10
6.03969e-10
6.64093e-10
7.30057e-10
8.02412e-10
8.81762e-10
9.68765e-10
1.06414e-09
1.16867e-09
1.28321e-09
1.4087e-09
1.54615e-09
1.69667e-09
1.86147e-09
2.04187e-09
2.23931e-09
2.45534e-09
2.69168e-09
2.95018e-09
3.23286e-09
3.54191e-09
3.87974e-09
4.24893e-09
4.65232e-09
5.093e-09
5.5743e-09
6.09987e-09
6.67365e-09
7.29995e-09
7.98342e-09
8.72914e-09
9.54261e-09
1.04298e-08
1.13972e-08
1.24518e-08
1.36013e-08
1.4854e-08
1.62187e-08
1.77054e-08
1.93244e-08
2.10872e-08
2.30063e-08
2.5095e-08
2.73678e-08
2.98405e-08
3.25301e-08
3.54551e-08
3.86353e-08
4.20924e-08
4.58496e-08
4.99322e-08
5.43675e-08
5.91849e-08
6.44163e-08
7.00961e-08
7.62614e-08
8.29524e-08
9.02124e-08
9.80882e-08
1.0663e-07
1.15893e-07
1.25935e-07
1.3682e-07
1.48616e-07
1.61397e-07
1.75242e-07
1.90236e-07
2.06472e-07
2.24049e-07
2.43074e-07
2.63662e-07
2.85936e-07
3.10029e-07
3.36086e-07
3.6426e-07
3.94716e-07
4.27634e-07
4.63204e-07
5.01632e-07
5.4314e-07
5.87965e-07
6.36362e-07
6.88604e-07
7.44987e-07
8.05825e-07
8.71457e-07
9.42246e-07
1.01858e-06
1.10088e-06
1.18959e-06
1.2852e-06
1.38821e-06
1.49917e-06
1.61868e-06
1.74737e-06
1.88591e-06
2.03503e-06
2.1955e-06
2.36816e-06
2.55387e-06
2.75361e-06
2.96837e-06
3.19923e-06
3.44737e-06
3.71401e-06
4.00047e-06
4.30816e-06
4.6386e-06
4.99337e-06
5.37421e-06
5.78294e-06
6.2215e-06
6.69199e-06
7.19662e-06
7.73776e-06
8.31792e-06
8.93979e-06
9.60623e-06
1.03203e-05
1.10852e-05
1.19044e-05
1.27817e-05
1.37208e-05
1.4726e-05
1.58016e-05
1.69524e-05
1.81834e-05
1.94999e-05
2.09076e-05
2.24123e-05
2.40206e-05
2.57391e-05
2.75751e-05
2.95361e-05
3.16302e-05
3.3866e-05
3.62526e-05
3.87997e-05
4.15174e-05
4.44165e-05
4.75086e-05
5.08059e-05
5.4321e-05
5.80678e-05
6.20606e-05
6.63147e-05
7.08462e-05
7.56723e-05
8.08109e-05
8.62812e-05
9.21034e-05
9.82988e-05
0.00010489
0.000111901
0.000119356
0.000127283
0.000135709
0.000144664
0.000154179
0.000164286
0.000175022
0.000186422
0.000198524
0.00021137
0.000225003
0.000239466
0.000254808
0.000271079
0.000288332
0.000306621
0.000326005
0.000346545
0.000368305
0.000391354
0.000415761
0.000441603
0.000468957
0.000497906
0.000528536
0.000560939
0.000595208
0.000631445
0.000669755
0.000710246
0.000753035
0.000798242
0.000845993
0.000896422
0.000949667
0.00100587
0.00106519
0.00112779
0.00119382
0.00126346
0.0013369
0.00141433
0.00149594
0.00158195
0.00167256
0.00176801
0.00186854
0.00197438
0.00208581
0.00220308
0.00232648
0.0024563
0.00259285
0.00273644
0.0028874
0.00304608
0.00321284
0.00338806
0.00357211
0.00376541
0.00396837
0.00418144
0.00440507
0.00463973
0.00488591
0.00514413
0.00541491
0.0056988
0.00599638
0.00630824
0.00663498
0.00697726
0.00733573
0.00771107
0.00810399
0.00851523
0.00894555
0.00939574
0.00986661
0.010359
0.0108738
0.0114119
0.0119742
0.0125617
0.0131755
0.0138164
0.0144856
0.0151842
0.0159133
0.0166741
0.0174678
0.0182955
0.0191587
0.0200586
0.0209965
0.0219739
0.0229922
0.0240529
0.0251575
0.0263076
0.0275047
0.0287505
0.0300468
0.0313952
0.0327976
0.0342558
0.0357717
0.0373471
0.0389842
0.0406849
0.0424513
0.0442855
0.0461897
0.0481661
0.0502171
0.052345
0.0545521
0.0568409
0.0592139
0.0616736
0.0642227
0.0668637
0.0695994
0.0724326
0.075366
0.0784026
0.0815451
0.0847967
0.0881603
0.091639
0.0952359
0.0989541
0.102797
0.106768
0.11087
0.115106
0.119481
0.123997
0.128658
0.133467
0.138429
0.143546
0.148823
0.154263
0.159869
0.165647
0.171598
0.177728
0.184041
0.190539
0.197227
0.20411
0.21119
0.218472
0.22596
0.233658
0.241569
0.249699
0.258051
0.266629
0.275436
0.284478
0.293758
0.30328
0.313048
0.323066
0.333338
0.343868
0.354659
0.365716
0.377042
0.388642
0.400518
0.412674
0.425114
0.437842
0.45086
0.464173
0.477784
0.491695
0.50591
0.520431
0.535263
0.550407
0.565867
0.581644
0.597742
0.614162
0.630907
0.647979
0.665381
0.683112
0.701176
0.719574
0.738307
0.757376
0.776782
0.796526
0.816609
0.837031
0.857791
0.878891
0.90033
0.922107
0.944223
0.966675
0.989463
1.01259
1.03604
1.05983
1.08395
1.10839
1.13316
1.15825
1.18366
1.20938
1.23542
1.26177
1.28841
1.31536
1.34261
1.37014
1.39796
1.42606
1.45443
1.48307
1.51198
1.54113
1.57054
1.60019
1.63007
1.66017
1.6905
1.72103
1.75177
1.7827
1.81381
1.84509
1.87654
1.90815
1.9399
1.97178
2.00379
2.0359
2.06812
2.10043
2.13282
2.16528
2.19779
2.23034
2.26292
2.29552
2.32812
2.36072
2.39329
2.42583
2.45831
2.49074
2.52309
2.55535
2.5875
2.61954
2.65144
2.68319
2.71479
2.7462
2.77743
2.80845
2.83924
2.86981
2.90012
2.93017
2.95994
2.98941
3.01858
3.04742
3.07592
3.10407
3.13186
3.15926
3.18627
3.21286
3.23904
3.26477
3.29006
3.31488
3.33922
3.36307
3.38642
3.40925
3.43155
3.45331
3.47451
3.49515
3.51522
3.5347
3.55358
3.57185
3.5895
3.60652
3.62291
3.63865
3.65373
3.66815
3.68189
3.69496
3.70734
3.71902
3.73001
3.74028
3.74985
3.7587
3.76683
3.77423
3.7809
3.78684
3.79204
3.79651
3.80024
3.80322
3.80546
3.80696
3.80772
3.80774
3.80701
3.80554
3.80334
3.8004
3.79673
3.79233
3.7872
3.78136
3.77479
3.76752
3.75954
3.75086
3.74149
3.73144
3.72071
3.7093
3.69724
3.68453
3.67117
3.65718
3.64256
3.62733
3.61151
3.59509
3.57809
3.56053
3.54241
3.52375
3.50457
3.48487
3.46466
3.44398
3.42281
3.4012
3.37913
3.35664
3.33374
3.31045
3.28677
3.26272
3.23833
3.21361
3.18858
3.16324
3.13763
3.11175
3.08562
3.05927
3.03271
3.00595
2.97901
2.95192
2.92469
2.89734
2.86988
2.84234
2.81473
2.78707
2.75938
2.73167
2.70397
2.67629
2.64865
2.62107
2.59356
2.56615
2.53884
2.51167
2.48464
2.45777
2.43108
2.40459
2.37831
2.35226
2.32645
2.30091
2.27565
2.25068
2.22602
2.20168
2.17768
2.15404
2.13077
2.10788
2.08539
2.06331
2.04166
2.02044
1.99968
1.97938
1.95956
1.94023
1.92139
1.90307
1.88528
1.86801
1.8513
1.83514
1.81954
1.80452
1.79008
1.77623
1.76299
1.75036
1.73834
1.72695
1.71618
1.70606
1.69658
1.68776
1.67959
1.67208
1.66524
1.65907
1.65357
1.64875
1.64462
1.64117
1.63841
1.63633
1.63495
1.63426
1.63427
1.63497
1.63637
1.63846
1.64124
1.64472
1.64889
1.65375
1.6593
1.66553
1.67245
1.68004
1.68831
1.69725
1.70686
1.71713
1.72806
1.73964
1.75187
1.76473
1.77823
1.79235
1.80709
1.82243
1.83838
1.85493
1.87205
1.88976
1.90802
1.92685
1.94621
1.96611
1.98654
2.00747
2.02891
2.05083
2.07323
2.09609
2.1194
2.14315
2.16732
2.1919
2.21688
2.24223
2.26796
2.29403
2.32044
2.34717
2.3742
2.40152
2.42912
2.45697
2.48506
2.51337
2.54189
2.5706
2.59948
2.62851
2.65768
2.68697
2.71636
2.74583
2.77536
2.80495
2.83455
2.86417
2.89378
2.92337
2.9529
2.98238
3.01177
3.04105
3.07022
3.09925
3.12812
3.15682
3.18532
3.21361
3.24167
3.26948
3.29703
3.32428
3.35124
3.37788
3.40418
3.43013
3.4557
3.48089
3.50567
3.53003
3.55395
3.57742
3.60042
3.62293
3.64495
3.66645
3.68742
3.70786
3.72773
3.74704
3.76576
3.78389
3.80141
3.81831
3.83458
3.85021
3.86518
3.8795
3.89314
3.9061
3.91836
3.92993
3.9408
3.95095
3.96037
3.96907
3.97704
3.98427
3.99076
3.99649
4.00148
4.00571
4.00918
4.01189
4.01384
4.01502
4.01544
4.0151
4.01399
4.01212
4.00949
4.0061
4.00195
3.99704
3.99139
3.98498
3.97784
3.96996
3.96134
3.952
3.94195
3.93118
3.9197
3.90753
3.89467
3.88113
3.86693
3.85206
3.83654
3.82039
3.80361
3.78621
3.76821
3.74962
3.73045
3.71072
3.69043
3.66961
3.64826
3.62641
3.60406
3.58123
3.55794
3.5342
3.51004
3.48545
3.46047
3.43511
3.40939
3.38331
3.35691
3.3302
3.3032
3.27591
3.24837
3.2206
3.1926
3.1644
3.13601
3.10746
3.07877
3.04994
3.02101
2.99199
2.9629
2.93375
2.90458
2.87539
2.8462
2.81704
2.78792
2.75886
2.72988
2.701
2.67224
2.64361
2.61513
2.58682
2.55871
2.5308
2.50311
2.47567
2.44848
2.42157
2.39495
2.36864
2.34266
2.31702
2.29173
2.26682
2.2423
2.21818
2.19448
2.17121
2.14839
2.12603
2.10415
2.08275
2.06186
2.04148
2.02162
2.00231
1.98354
1.96534
1.94771
1.93066
1.91421
1.89837
1.88313
1.86852
1.85454
1.84121
1.82852
1.81649
1.80512
1.79442
1.7844
1.77507
1.76643
1.75848
1.75123
1.74469
1.73886
1.73374
1.72934
1.72566
1.7227
1.72046
1.71896
1.71818
1.71813
1.71882
1.72023
1.72237
1.72525
1.72885
1.73318
1.73823
1.74401
1.75051
1.75772
1.76565
1.77429
1.78364
1.79369
1.80443
1.81586
1.82798
1.84078
1.85425
1.86838
1.88317
1.89861
1.91469
1.9314
1.94874
1.96669
1.98525
2.00439
2.02413
2.04443
2.06529
2.08671
2.10866
2.13114
2.15413
2.17762
2.2016
2.22605
2.25096
2.27631
2.3021
2.32829
2.35489
2.38188
2.40923
2.43693
2.46497
2.49334
2.522
2.55095
2.58017
2.60964
2.63935
2.66927
2.69939
2.72969
2.76015
2.79075
2.82148
2.85231
2.88323
2.91422
2.94525
2.97631
3.00739
3.03845
3.06948
3.10046
3.13138
3.16221
3.19293
3.22352
3.25397
3.28424
3.31434
3.34423
3.37389
3.40331
3.43247
3.46134
3.48992
3.51817
3.54609
3.57365
3.60083
3.62762
3.65401
3.67996
3.70547
3.73051
3.75508
3.77915
3.8027
3.82573
3.84821
3.87014
3.89149
3.91225
3.93241
3.95195
3.97085
3.98912
4.00672
4.02366
4.03992
4.05548
4.07034
4.08449
4.09791
4.1106
4.12254
4.13373
4.14416
4.15382
4.16271
4.17081
4.17813
4.18465
4.19037
4.19529
4.1994
4.2027
4.20519
4.20685
4.2077
4.20772
4.20692
4.2053
4.20286
4.1996
4.19551
4.19061
4.18489
4.17835
4.171
4.16285
4.15389
4.14413
4.13358
4.12224
4.11012
4.09723
4.08356
4.06914
4.05396
4.03804
4.02139
4.00401
3.98591
3.96711
3.94761
3.92743
3.90658
3.88506
3.86289
3.84009
3.81666
3.79261
3.76797
3.74275
3.71695
3.6906
3.6637
3.63627
3.60833
3.57989
3.55097
3.52158
3.49173
3.46145
3.43075
3.39964
3.36814
3.33626
3.30403
3.27146
3.23856
3.20535
3.17185
3.13807
3.10403
3.06975
3.03524
3.00052
2.9656
2.93051
2.89525
2.85984
2.82431
2.78866
2.7529
2.71707
2.68116
2.6452
2.6092
2.57317
2.53714
2.50111
2.4651
2.42912
2.39319
2.35732
2.32152
2.28581
2.2502
2.2147
2.17933
2.14409
2.109
2.07407
2.03931
2.00473
1.97034
1.93616
1.90219
1.86844
1.83493
1.80165
1.76862
1.73586
1.70336
1.67113
1.63918
1.60753
1.57617
1.54511
1.51437
1.48393
1.45382
1.42404
1.39458
1.36546
1.33669
1.30825
1.28017
1.25244
1.22506
1.19805
1.17139
1.1451
1.11917
1.09362
1.06843
1.04361
1.01917
0.995101
0.971406
0.948085
0.925139
0.902568
0.880371
0.858549
0.8371
0.816023
0.795319
0.774984
0.755019
0.73542
0.716188
0.697318
0.67881
0.660662
0.64287
0.625431
0.608345
0.591606
0.575214
0.559163
0.543452
0.528077
0.513033
0.498319
0.48393
0.469863
0.456113
0.442677
0.429551
0.416731
0.404212
0.391992
0.380064
0.368426
0.357073
0.346001
0.335204
0.32468
0.314423
0.30443
0.294695
0.285214
0.275983
0.266998
0.258253
0.249745
0.241469
0.23342
0.225595
0.217988
0.210596
0.203413
0.196437
0.189661
0.183083
0.176698
0.170501
0.164488
0.158656
0.153
0.147516
0.142201
0.137049
0.132058
0.127223
0.12254
0.118007
0.113618
0.10937
0.105261
0.101285
0.0974403
0.0937227
0.0901288
0.0866554
0.0832993
0.0800571
0.0769257
0.073902
0.070983
0.0681656
0.0654469
0.0628242
0.0602944
0.057855
0.0555032
0.0532363
0.0510518
0.0489471
0.0469198
0.0449675
0.0430878
0.0412784
0.0395371
0.0378617
0.03625
0.0347
0.0332096
0.0317769
0.0303999
0.0290768
0.0278057
0.0265848
0.0254125
0.024287
0.0232067
0.02217
0.0211754
0.0202214
0.0193065
0.0184293
0.0175884
0.0167826
0.0160104
0.0152708
0.0145624
0.013884
0.0132347
0.0126131
0.0120184
0.0114494
0.0109052
0.0103848
0.00988719
0.00941157
0.00895704
0.00852276
0.00810791
0.00771171
0.0073334
0.00697226
0.00662758
0.00629868
0.0059849
0.00568562
0.00540022
0.00512812
0.00486876
0.00462159
0.0043861
0.00416177
0.00394812
0.00374469
0.00355104
0.00336672
0.00319134
0.00302448
0.00286578
0.00271486
0.00257137
0.00243498
0.00230537
0.00218221
0.00206523
0.00195412
0.00184862
0.00174847
0.00165341
0.00156321
0.00147763
0.00139646
0.00131948
0.0012465
0.00117732
0.00111175
0.00104963
0.000990783
0.000935045
0.000882267
0.000832302
0.000785009
0.000740255
0.000697913
0.000657862
0.000619985
0.000584172
0.000550317
0.000518321
0.000488088
0.000459526
0.000432549
0.000407074
0.000383023
0.000360321
0.000338897
0.000318682
0.000299614
0.00028163
0.000264673
0.000248687
0.00023362
0.000219422
0.000206045
0.000193445
0.00018158
0.000170408
0.000159891
0.000149994
0.000140681
0.00013192
0.00012368
0.000115931
0.000108646
0.000101798
9.53634e-05
8.93173e-05
8.36378e-05
7.83037e-05
7.32952e-05
6.85933e-05
6.41802e-05
6.0039e-05
5.61538e-05
5.25096e-05
4.9092e-05
4.58876e-05
4.28838e-05
4.00687e-05
3.74308e-05
3.49597e-05
3.26451e-05
3.04777e-05
2.84485e-05
2.65491e-05
2.47715e-05
2.31084e-05
2.15526e-05
2.00975e-05
1.87369e-05
1.74649e-05
1.62761e-05
1.51651e-05
1.41271e-05
1.31575e-05
1.22521e-05
1.14066e-05
1.06174e-05
9.88082e-06
9.19349e-06
8.55226e-06
7.95416e-06
7.39641e-06
6.8764e-06
6.39167e-06
5.93992e-06
5.51899e-06
5.12687e-06
4.76165e-06
4.42157e-06
4.10496e-06
3.81025e-06
3.536e-06
3.28083e-06
3.04346e-06
2.8227e-06
2.61744e-06
2.42661e-06
2.24925e-06
2.08443e-06
1.9313e-06
1.78907e-06
1.65698e-06
1.53433e-06
1.42048e-06
1.31481e-06
1.21676e-06
1.1258e-06
1.04143e-06
9.6319e-07
8.90649e-07
8.23407e-07
7.61089e-07
7.03347e-07
6.49856e-07
6.00313e-07
5.54435e-07
5.11962e-07
4.72648e-07
4.36265e-07
4.02603e-07
3.71463e-07
3.42664e-07
3.16034e-07
2.91416e-07
2.68661e-07
2.47634e-07
2.28206e-07
2.10261e-07
1.93688e-07
1.78386e-07
1.6426e-07
1.51222e-07
1.39191e-07
1.28092e-07
1.17854e-07
1.08413e-07
9.97084e-08
9.16842e-08
8.42889e-08
7.74746e-08
7.1197e-08
6.54149e-08
6.00904e-08
5.51883e-08
5.06759e-08
4.65232e-08
4.27022e-08
3.91872e-08
3.59544e-08
3.29816e-08
3.02486e-08
2.77365e-08
2.5428e-08
2.33069e-08
2.13585e-08
1.95691e-08
1.7926e-08
1.64175e-08
1.5033e-08
1.37625e-08
1.25969e-08
1.15277e-08
1.05471e-08
9.648e-09
8.82378e-09
8.06836e-09
7.37614e-09
6.74196e-09
6.16107e-09
5.6291e-09
5.14204e-09
4.69618e-09
4.28813e-09
3.91475e-09
3.57316e-09
3.26073e-09
2.97502e-09
2.7138e-09
2.47502e-09
2.25681e-09
2.05742e-09
1.87527e-09
1.7089e-09
1.55698e-09
1.41829e-09
1.29169e-09
1.17615e-09
1.07074e-09
9.74579e-10
8.86876e-10
8.06905e-10
7.33998e-10
6.67544e-10
6.06986e-10
5.51811e-10
5.01551e-10
4.55778e-10
4.14099e-10
3.76157e-10
3.41622e-10
3.10196e-10
2.81605e-10
2.55598e-10
2.31946e-10
2.10441e-10
1.90892e-10
1.73124e-10
1.56978e-10
1.4231e-10
1.28986e-10
1.16887e-10
1.05901e-10
9.59287e-11
8.68781e-11
7.86656e-11
7.12152e-11
6.44575e-11
5.83294e-11
5.27733e-11
4.77369e-11
4.31726e-11
3.90368e-11
3.52902e-11
3.18968e-11
2.88239e-11
2.60419e-11
2.35236e-11
2.12447e-11
1.91826e-11
1.73173e-11
1.56302e-11
1.41047e-11
1.27255e-11
1.14788e-11
1.03523e-11
9.33439e-12
8.41491e-12
7.58449e-12
6.83465e-12
6.15771e-12
5.54671e-12
4.99534e-12
4.49788e-12
4.04914e-12
3.64445e-12
3.27955e-12
2.95059e-12
2.6541e-12
2.38692e-12
2.14621e-12
1.92939e-12
1.73413e-12
1.55832e-12
1.40005e-12
1.2576e-12
1.12942e-12
1.0141e-12
9.10379e-13
8.171e-13
7.33231e-13
6.57839e-13
5.90082e-13
5.29197e-13
4.745e-13
4.25371e-13
3.81252e-13
3.41641e-13
3.06084e-13
2.74173e-13
2.4554e-13
2.19853e-13
1.96814e-13
1.76154e-13
1.57632e-13
1.41028e-13
1.26149e-13
1.12816e-13
1.00873e-13
9.01758e-14
8.0597e-14
7.20212e-14
6.43451e-14
5.74756e-14
5.13293e-14
4.5831e-14
4.09135e-14
3.65164e-14
3.25853e-14
2.90716e-14
2.59316e-14
2.31261e-14
2.062e-14
1.83818e-14
1.63833e-14
1.45991e-14
1.30067e-14
1.15856e-14
1.03177e-14
9.18674e-15
8.17811e-15
7.27876e-15
6.47702e-15
5.76244e-15
5.12567e-15
4.55835e-15
4.05301e-15
3.60298e-15
3.20227e-15
2.84556e-15
2.52808e-15
2.24557e-15
1.99424e-15
1.77068e-15
1.57186e-15
1.39509e-15
1.23796e-15
1.0983e-15
9.742e-16
8.63951e-16
7.66026e-16
6.79065e-16
6.01855e-16
5.33317e-16
4.7249e-16
4.18516e-16
3.70634e-16
3.28165e-16
2.90504e-16
2.57113e-16
2.27515e-16
2.01284e-16
1.78041e-16
1.57451e-16
1.39215e-16
1.23065e-16
1.08768e-16
9.61122e-17
8.49121e-17
7.50021e-17
6.62355e-17
5.84818e-17
5.16255e-17
4.55639e-17
4.0206e-17
3.5471e-17
3.12874e-17
2.75917e-17
2.43277e-17
2.14455e-17
1.8901e-17
1.66551e-17
1.46731e-17
1.29244e-17
1.13818e-17
1.00213e-17
8.82171e-18
7.76414e-18
6.83199e-18
6.01055e-18
5.28682e-18
4.6493e-18
4.08784e-18
3.59346e-18
3.15824e-18
2.77518e-18
2.43809e-18
2.14152e-18
1.88065e-18
1.65122e-18
1.4495e-18
1.27216e-18
1.1163e-18
9.79333e-19
8.59002e-19
7.53306e-19
6.60483e-19
5.78982e-19
5.07436e-19
4.44643e-19
3.89542e-19
3.41201e-19
2.98799e-19
2.61614e-19
2.29011e-19
2.00431e-19
1.75383e-19
1.53434e-19
1.34205e-19
1.17363e-19
1.02614e-19
8.97001e-20
7.83959e-20
6.85026e-20
5.98458e-20
5.22726e-20
4.56485e-20
3.98559e-20
3.47914e-20
3.03644e-20
2.64954e-20
2.31148e-20
2.01614e-20
1.75819e-20
1.53294e-20
1.33628e-20
1.16461e-20
1.01479e-20
8.84075e-21
7.70039e-21
6.70579e-21
5.83849e-21
5.08234e-21
4.42324e-21
3.84884e-21
3.34836e-21
2.91238e-21
2.53266e-21
2.20201e-21
1.91415e-21
1.66358e-21
1.44552e-21
1.2558e-21
1.09076e-21
9.47216e-22
8.224e-22
7.13888e-22
6.19571e-22
5.37606e-22
4.66392e-22
4.0453e-22
3.50804e-22
3.04152e-22
2.63651e-22
2.28498e-22
1.97992e-22
1.71525e-22
1.48566e-22
1.28654e-22
1.11389e-22
9.64213e-23
8.34483e-23
7.22063e-23
6.24663e-23
5.40293e-23
4.67225e-23
4.03958e-23
3.49188e-23
3.01784e-23
2.60763e-23
2.25273e-23
1.94574e-23
1.68025e-23
1.45069e-23
1.25225e-23
1.08074e-23
9.32526e-24
8.04481e-24
6.93879e-24
5.98363e-24
5.15892e-24
4.44699e-24
3.83254e-24
3.30232e-24
2.8449e-24
2.45034e-24
2.11008e-24
1.81671e-24
1.56381e-24
1.34585e-24
1.15804e-24
9.96234e-25
8.56866e-25
7.36848e-25
6.33514e-25
5.44562e-25
4.68006e-25
4.02133e-25
3.45462e-25
2.96718e-25
2.54801e-25
2.18761e-25
1.87782e-25
1.61157e-25
1.3828e-25
1.18627e-25
1.01746e-25
8.72504e-26
7.48048e-26
6.41216e-26
5.49532e-26
4.70863e-26
4.03375e-26
3.45491e-26
2.95854e-26
2.53298e-26
2.1682e-26
1.85558e-26
1.58772e-26
1.35825e-26
1.16171e-26
9.93419e-27
8.49334e-27
7.26002e-27
6.20454e-27
5.30146e-27
4.52891e-27
3.86817e-27
3.30317e-27
2.82013e-27
2.40724e-27
2.0544e-27
1.75292e-27
1.49538e-27
1.27543e-27
1.08761e-27
9.27263e-28
7.90399e-28
6.73601e-28
5.73947e-28
4.88939e-28
4.16438e-28
3.54617e-28
3.01913e-28
2.5699e-28
2.18708e-28
1.86091e-28
1.58307e-28
1.34644e-28
1.14496e-28
9.73427e-29
8.27428e-29
7.03187e-29
5.97481e-29
5.07564e-29
4.31092e-29
3.66069e-29
3.10792e-29
2.63808e-29
2.23883e-29
1.89962e-29
1.61148e-29
1.36677e-29
1.15899e-29
9.82605e-30
8.32895e-30
7.05853e-30
5.9807e-30
5.06643e-30
4.29108e-30
3.63365e-30
3.07633e-30
2.60397e-30
2.2037e-30
1.86458e-30
1.57734e-30
1.33407e-30
1.1281e-30
9.53741e-31
8.06168e-31
6.81293e-31
5.75646e-31
4.86284e-31
4.10712e-31
3.46815e-31
2.92801e-31
2.47149e-31
2.08574e-31
1.75984e-31
1.48457e-31
1.2521e-31
1.05582e-31
8.90139e-32
7.50303e-32
6.32309e-32
5.32764e-32
4.488e-32
3.77994e-32
3.18295e-32
2.67971e-32
2.25558e-32
1.8982e-32
1.59713e-32
1.34354e-32
1.12999e-32
9.50191e-33
7.98842e-33
6.71466e-33
5.64287e-33
4.74121e-33
3.98283e-33
3.34509e-33
2.8089e-33
2.35819e-33
1.9794e-33
1.66112e-33
1.39374e-33
1.16917e-33
9.80584e-34
8.22253e-34
6.89349e-34
5.77812e-34
4.84224e-34
4.05714e-34
3.39865e-34
2.84646e-34
2.38352e-34
1.99547e-34
1.67026e-34
1.39777e-34
1.1695e-34
9.78316e-35
8.18221e-35
6.84188e-35
5.71997e-35
4.78106e-35
3.99548e-35
3.3383e-35
2.78866e-35
2.32906e-35
1.94481e-35
1.62363e-35
1.35522e-35
1.13096e-35
9.43615e-36
7.87149e-36
6.56497e-36
5.47421e-36
4.56376e-36
3.80398e-36
3.17005e-36
2.64124e-36
2.2002e-36
1.83244e-36
1.52584e-36
1.27029e-36
1.05733e-36
8.79896e-37
7.3209e-37
6.08991e-37
5.06489e-37
4.21156e-37
3.5013e-37
2.91023e-37
2.41846e-37
2.00939e-37
1.66918e-37
1.38629e-37
1.15112e-37
9.55647e-38
7.9321e-38
6.58252e-38
5.46147e-38
4.53044e-38
3.75737e-38
3.11559e-38
2.58291e-38
2.14088e-38
1.77414e-38
1.46993e-38
1.21764e-38
1.00845e-38
8.35035e-39
6.913e-39
5.72191e-39
4.7351e-39
3.91769e-39
3.24074e-39
2.68023e-39
2.21622e-39
1.83217e-39
1.51438e-39
1.25145e-39
1.03397e-39
8.54109e-40
7.05395e-40
5.82459e-40
4.80851e-40
3.9689e-40
3.27523e-40
2.70226e-40
2.22908e-40
1.83839e-40
1.51587e-40
1.24968e-40
1.03003e-40
8.48817e-41
6.99345e-41
5.76078e-41
4.74444e-41
3.90662e-41
3.21611e-41
2.64712e-41
2.17836e-41
1.79225e-41
1.47429e-41
1.21249e-41
9.96978e-42
8.1961e-42
6.73662e-42
5.53592e-42
4.54832e-42
3.73616e-42
3.06841e-42
2.51949e-42
2.06836e-42
1.69767e-42
1.39314e-42
1.143e-42
9.37591e-43
7.68941e-43
6.305e-43
5.16882e-43
4.23653e-43
3.4717e-43
2.84438e-43
2.32994e-43
1.90817e-43
1.56243e-43
1.27908e-43
1.04691e-43
8.56709e-44
7.00924e-44
5.73351e-44
4.68904e-44
3.83408e-44
3.13437e-44
2.56185e-44
2.09348e-44
1.7104e-44
1.39714e-44
1.14103e-44
9.31675e-45
7.60582e-45
6.20784e-45
5.06581e-45
4.13304e-45
3.37135e-45
2.74949e-45
2.24188e-45
1.82762e-45
1.48961e-45
1.21387e-45
9.88975e-46
8.05585e-46
6.56071e-46
5.34199e-46
4.3488e-46
3.53955e-46
2.88031e-46
2.34339e-46
1.90618e-46
1.55022e-46
1.26049e-46
1.0247e-46
8.3285e-47
6.76785e-47
5.49855e-47
4.46641e-47
3.62728e-47
2.94522e-47
2.39093e-47
1.94057e-47
1.57473e-47
1.2776e-47
1.03633e-47
8.40451e-48
6.81461e-48
5.52437e-48
4.47752e-48
3.62832e-48
2.93959e-48
2.38112e-48
1.92836e-48
1.56138e-48
1.26398e-48
1.02303e-48
8.27844e-49
6.69763e-49
5.41761e-49
4.38134e-49
3.54258e-49
2.86381e-49
2.31464e-49
1.8704e-49
1.51112e-49
1.22061e-49
9.85756e-50
7.95929e-50
6.42527e-50
5.18588e-50
4.18472e-50
3.37616e-50
2.72329e-50
2.19622e-50
1.77081e-50
1.42752e-50
1.15055e-50
9.27131e-51
7.46947e-51
6.01661e-51
4.84537e-51
3.90136e-51
3.14063e-51
2.52774e-51
2.03404e-51
1.63644e-51
1.3163e-51
1.05858e-51
8.51142e-52
6.8422e-52
5.49924e-52
4.41898e-52
3.55022e-52
2.85168e-52
2.29013e-52
1.83879e-52
1.47611e-52
1.18472e-52
9.50668e-53
7.627e-53
6.11775e-53
4.90617e-53
3.93376e-53
3.15344e-53
2.52741e-53
2.02525e-53
1.62254e-53
1.29965e-53
1.04081e-53
8.33347e-54
6.67107e-54
5.33922e-54
4.27242e-54
3.41808e-54
2.73404e-54
2.18645e-54
1.74819e-54
1.39749e-54
1.11693e-54
8.92507e-55
7.13038e-55
5.69543e-55
4.54835e-55
3.63157e-55
2.899e-55
2.31374e-55
1.84626e-55
1.47295e-55
1.17488e-55
9.36941e-56
7.47041e-56
5.95511e-56
4.74623e-56
3.78199e-56
3.01304e-56
2.39995e-56
1.91124e-56
1.52173e-56
1.21137e-56
9.6411e-57
7.67167e-57
6.10333e-57
4.85464e-57
3.86065e-57
3.06956e-57
2.44009e-57
1.93932e-57
1.54101e-57
1.22426e-57
9.72422e-58
7.72236e-58
6.13138e-58
4.86721e-58
3.86291e-58
3.06522e-58
2.43177e-58
1.92884e-58
1.52962e-58
1.21279e-58
9.61385e-59
7.61946e-59
6.03759e-59
4.78318e-59
3.78863e-59
3.00028e-59
2.37549e-59
1.88044e-59
1.48826e-59
1.17763e-59
9.31653e-60
7.36906e-60
5.82751e-60
4.60752e-60
3.64221e-60
2.87856e-60
2.27457e-60
1.79695e-60
1.41934e-60
1.12085e-60
8.84963e-61
6.98577e-61
5.51337e-61
4.35043e-61
3.43211e-61
2.70709e-61
2.1348e-61
1.68316e-61
1.32681e-61
1.04569e-61
8.23967e-62
6.49128e-62
5.11287e-62
4.02635e-62
3.17009e-62
2.49543e-62
1.96395e-62
1.54537e-62
1.21575e-62
9.56246e-63
7.51984e-63
5.91236e-63
4.64757e-63
3.65262e-63
2.8701e-63
2.25476e-63
1.771e-63
1.39075e-63
1.09193e-63
8.57139e-64
6.72701e-64
5.27844e-64
4.14097e-64
3.24797e-64
2.54704e-64
1.99697e-64
1.56538e-64
1.22683e-64
9.61299e-65
7.53091e-65
5.8986e-65
4.61917e-65
3.61653e-65
2.83096e-65
2.21558e-65
1.73363e-65
1.35624e-65
1.06079e-65
8.2954e-66
6.48571e-66
5.0698e-66
3.9622e-66
3.09597e-66
2.41863e-66
1.8891e-66
1.47521e-66
1.15177e-66
8.99066e-67
7.01665e-67
5.47496e-67
4.27116e-67
3.33138e-67
2.59785e-67
2.02544e-67
1.57883e-67
1.23046e-67
9.5876e-68
7.46907e-68
5.8175e-68
4.53022e-68
3.52708e-68
2.74552e-68
2.13672e-68
1.66258e-68
1.2934e-68
1.00599e-68
7.8229e-69
6.08214e-69
4.72778e-69
3.67428e-69
2.85495e-69
2.21789e-69
1.72264e-69
1.33771e-69
1.03858e-69
8.06183e-70
6.25663e-70
4.85467e-70
3.7661e-70
2.92104e-70
2.26515e-70
1.75618e-70
1.3613e-70
1.055e-70
8.17455e-71
6.3327e-71
4.90486e-71
3.7982e-71
2.94064e-71
2.27624e-71
1.76161e-71
1.36305e-71
1.05446e-71
8.15565e-72
6.30669e-72
4.87593e-72
3.76901e-72
2.91279e-72
2.25063e-72
1.73865e-72
1.34287e-72
1.03698e-72
8.00604e-73
6.17986e-73
4.76928e-73
3.67994e-73
2.83884e-73
2.18955e-73
1.68843e-73
1.30173e-73
1.0034e-73
7.73288e-74
5.95828e-74
4.59001e-74
3.53524e-74
2.72231e-74
2.0959e-74
1.6133e-74
1.24158e-74
9.55311e-75
7.34902e-75
5.65232e-75
4.34648e-75
3.34166e-75
2.56861e-75
1.97401e-75
1.51674e-75
1.16517e-75
8.94909e-76
6.87198e-76
5.27591e-76
4.04974e-76
3.10791e-76
2.38465e-76
1.82933e-76
1.40305e-76
1.07589e-76
8.24854e-77
6.32264e-77
4.84543e-77
3.71262e-77
2.84407e-77
2.17828e-77
1.66802e-77
1.27703e-77
9.77494e-78
7.48067e-78
5.72374e-78
4.37857e-78
3.34887e-78
2.56081e-78
1.9578e-78
1.49649e-78
1.14365e-78
8.73822e-79
6.67525e-79
5.0983e-79
3.8931e-79
2.97221e-79
2.2687e-79
1.73136e-79
1.32102e-79
1.00774e-79
7.68593e-80
5.86083e-80
4.46823e-80
3.40584e-80
2.59553e-80
1.97762e-80
1.5065e-80
1.14739e-80
8.73709e-81
6.65173e-81
5.06309e-81
3.8531e-81
2.93168e-81
2.23017e-81
1.69618e-81
1.28979e-81
9.80568e-82
7.45334e-82
5.66418e-82
4.30364e-82
3.26926e-82
2.48299e-82
1.88544e-82
1.43141e-82
1.0865e-82
8.24533e-83
6.25604e-83
4.74574e-83
3.59933e-83
2.72931e-83
2.06917e-83
1.56839e-83
1.18857e-83
9.00547e-84
6.82186e-84
5.16669e-84
3.91233e-84
2.9619e-84
2.24192e-84
1.69661e-84
1.28368e-84
9.71059e-85
7.34425e-85
5.55344e-85
4.19846e-85
3.17344e-85
2.3982e-85
1.81198e-85
1.36878e-85
1.03378e-85
7.80608e-86
5.89322e-86
4.44821e-86
3.35685e-86
2.53274e-86
1.91057e-86
1.44095e-86
1.08654e-86
8.19142e-87
6.17425e-87
4.65289e-87
3.50569e-87
2.64082e-87
1.98891e-87
1.49764e-87
1.12748e-87
8.48647e-88
6.38641e-88
4.80508e-88
3.61457e-88
2.71848e-88
2.04413e-88
1.53675e-88
1.15508e-88
8.68031e-89
6.52185e-89
4.89913e-89
3.67943e-89
2.76284e-89
2.07416e-89
1.55684e-89
1.16831e-89
8.76567e-90
6.57545e-90
4.9315e-90
3.69782e-90
2.7722e-90
2.07787e-90
1.55713e-90
1.16666e-90
8.73928e-91
6.54517e-91
4.90094e-91
3.66903e-91
2.74623e-91
2.05511e-91
1.53761e-91
1.15019e-91
8.60216e-92
6.43218e-92
4.80863e-92
3.59417e-92
2.68589e-92
2.00674e-92
1.49902e-92
1.11953e-92
8.3595e-93
6.24074e-93
4.65806e-93
3.47606e-93
2.59347e-93
1.9346e-93
1.44282e-93
1.07584e-93
8.02036e-94
5.97798e-94
4.4548e-94
3.31907e-94
2.47238e-94
1.84132e-94
1.37106e-94
1.02069e-94
7.59711e-95
5.65346e-95
4.20624e-95
3.12886e-95
2.32697e-95
1.73025e-95
1.2863e-95
9.56063e-96
7.10468e-96
5.27856e-96
3.92103e-96
2.91204e-96
2.16226e-96
1.60521e-96
1.19143e-96
8.84134e-97
6.55966e-97
4.86584e-97
3.60867e-97
2.67577e-97
1.98365e-97
1.47026e-97
1.08952e-97
8.07218e-98
5.97942e-98
4.42833e-98
3.27895e-98
2.42741e-98
1.79665e-98
1.32953e-98
9.83659e-99
7.2762e-99
5.38119e-99
3.97891e-99
2.94147e-99
2.17409e-99
1.60658e-99
1.18698e-99
8.76787e-100
6.47529e-100
4.78121e-100
3.52963e-100
2.60516e-100
1.92244e-100
1.41835e-100
1.04623e-100
7.71587e-101
5.68925e-101
4.1941e-101
3.09126e-101
2.27796e-101
1.6783e-101
1.23625e-101
9.10446e-102
6.70373e-102
4.93506e-102
3.63229e-102
2.6729e-102
1.96652e-102
1.44652e-102
1.06382e-102
7.82207e-103
5.75028e-103
4.22639e-103
3.10573e-103
2.28176e-103
1.67607e-103
1.2309e-103
9.03797e-104
6.63484e-104
4.86971e-104
3.57346e-104
2.62173e-104
1.92309e-104
1.41034e-104
1.0341e-104
7.5808e-105
5.55623e-105
4.07153e-105
2.98297e-105
2.18501e-105
1.60019e-105
1.17166e-105
8.57717e-106
6.2777e-106
4.59379e-106
3.36089e-106
2.45838e-106
1.79787e-106
1.31456e-106
9.60986e-107
7.0237e-107
5.13248e-107
3.74975e-107
2.73899e-107
2.00028e-107
1.46052e-107
1.06619e-107
7.7817e-108
5.67843e-108
4.14281e-108
3.02187e-108
2.20378e-108
1.60685e-108
1.17137e-108
8.53743e-109
6.22118e-109
4.53244e-109
3.30144e-109
2.4043e-109
1.7506e-109
1.27438e-109
9.27521e-110
6.74934e-110
4.91035e-110
3.57171e-110
2.59749e-110
1.88862e-110
1.37293e-110
9.97847e-111
7.25093e-111
5.26789e-111
3.82642e-111
2.77883e-111
2.01764e-111
1.46467e-111
1.06304e-111
7.71383e-112
5.59635e-112
4.05932e-112
2.94384e-112
2.13446e-112
1.54731e-112
1.12144e-112
8.12625e-113
5.88731e-113
4.26439e-113
3.08824e-113
2.23603e-113
1.61866e-113
1.17152e-113
8.47724e-114
6.13301e-114
4.43614e-114
3.20812e-114
2.31958e-114
1.6768e-114
1.21189e-114
8.75715e-115
6.32665e-115
4.5698e-115
3.30016e-115
2.38279e-115
1.72008e-115
1.24144e-115
8.95807e-116
6.46275e-116
4.66158e-116
3.36173e-116
2.42385e-116
1.74727e-116
1.2593e-116
9.07425e-117
6.53741e-117
4.70883e-117
3.39105e-117
2.44157e-117
1.75758e-117
1.26496e-117
9.10229e-118
6.54843e-118
4.71018e-118
3.38727e-118
2.43544e-118
1.75072e-118
1.25825e-118
9.04137e-119
6.49551e-119
4.66557e-119
3.3505e-119
2.40563e-119
1.72687e-119
1.23938e-119
8.89328e-120
6.38018e-120
4.57632e-120
3.28181e-120
2.35301e-120
1.68674e-120
1.20888e-120
8.6623e-121
6.20578e-121
4.445e-121
3.18318e-121
2.2791e-121
1.63147e-121
1.16764e-121
8.35505e-122
5.97728e-122
4.27535e-122
3.0574e-122
2.18598e-122
1.56262e-122
1.1168e-122
7.9801e-123
5.70105e-123
4.07207e-123
2.90796e-123
2.07622e-123
1.48209e-123
1.05776e-123
7.54765e-124
5.38456e-124
3.84063e-124
2.73884e-124
1.95274e-124
1.39199e-124
9.92068e-125
7.06902e-125
5.03605e-125
3.58702e-125
2.55441e-125
1.8187e-125
1.29463e-125
9.21384e-126
6.55617e-126
4.66415e-126
3.31748e-126
2.35916e-126
1.67734e-126
1.19233e-126
8.4739e-127
6.02123e-127
4.2776e-127
3.03828e-127
2.15759e-127
1.53187e-127
1.0874e-127
7.71739e-128
5.47601e-128
3.88482e-128
2.75544e-128
1.954e-128
1.38538e-128
9.8204e-129
6.95988e-129
4.93159e-129
3.4937e-129
2.47456e-129
1.75236e-129
1.24068e-129
8.78237e-130
6.2155e-130
4.39799e-130
3.11132e-130
2.20064e-130
1.5562e-130
1.10026e-130
7.77747e-131
5.49661e-131
3.88387e-131
2.74377e-131
1.93795e-131
1.36852e-131
9.66216e-132
6.82039e-132
4.81346e-132
3.3964e-132
2.39604e-132
1.68998e-132
1.19174e-132
8.40227e-133
5.92276e-133
4.17411e-133
2.94115e-133
2.07197e-133
1.45937e-133
1.02768e-133
7.23541e-134
5.0931e-134
3.58439e-134
2.52209e-134
1.77427e-134
1.24793e-134
8.77557e-135
6.16983e-135
4.33695e-135
3.04796e-135
2.14164e-135
1.50452e-135
1.05672e-135
7.42058e-136
5.20988e-136
3.65705e-136
2.56654e-136
1.80085e-136
1.26334e-136
8.86085e-137
6.21361e-137
4.35638e-137
3.05366e-137
2.14008e-137
1.49952e-137
1.05047e-137
7.35755e-138
5.15222e-138
3.60718e-138
2.52497e-138
1.76708e-138
1.23643e-138
8.64959e-139
6.04972e-139
4.23047e-139
2.9577e-139
2.06744e-139
1.44486e-139
1.00956e-139
7.05261e-140
4.92585e-140
3.43975e-140
2.40151e-140
1.67631e-140
1.16988e-140
8.16276e-141
5.6944e-141
3.97165e-141
2.76954e-141
1.93089e-141
1.34593e-141
9.37989e-142
6.53562e-142
4.55292e-142
3.17107e-142
2.20818e-142
1.53736e-142
1.07012e-142
7.44731e-143
5.1818e-143
3.60475e-143
2.50717e-143
1.74343e-143
1.2121e-143
8.42529e-144
5.85525e-144
4.06835e-144
2.82621e-144
1.96293e-144
1.36307e-144
9.46332e-145
6.56875e-145
4.55863e-145
3.16301e-145
2.19421e-145
1.52184e-145
1.0553e-145
7.31632e-146
5.07136e-146
3.51454e-146
2.43515e-146
1.68693e-146
1.16837e-146
8.09052e-147
5.60127e-147
3.87712e-147
2.68315e-147
1.8565e-147
1.28427e-147
8.88246e-148
6.14217e-148
4.24643e-148
2.93521e-148
2.02846e-148
1.40155e-148
9.68195e-149
6.68699e-149
4.61755e-149
3.1879e-149
2.20045e-149
1.51856e-149
1.04777e-149
7.2279e-150
4.98508e-150
3.43751e-150
2.3699e-150
1.63354e-150
1.12575e-150
7.75652e-151
5.34325e-151
3.68008e-151
2.53409e-151
1.74461e-151
1.20085e-151
8.26408e-152
5.68607e-152
3.91149e-152
2.69021e-152
1.84988e-152
1.27178e-152
8.74169e-153
6.00747e-153
4.12763e-153
2.83546e-153
1.94742e-153
1.33723e-153
9.18057e-154
6.30151e-154
4.32447e-154
2.96711e-154
2.03539e-154
1.39597e-154
9.5723e-155
6.56252e-155
4.49818e-155
3.0826e-155
2.11208e-155
1.44683e-155
9.90915e-156
6.7853e-156
4.64531e-156
3.17961e-156
2.17594e-156
1.48878e-156
1.01843e-156
6.96532e-157
4.76284e-157
3.25615e-157
2.22564e-157
1.52096e-157
1.03919e-157
7.09882e-158
4.84831e-158
3.3106e-158
2.26015e-158
1.54269e-158
1.05277e-158
7.18298e-159
4.8999e-159
3.34182e-159
2.27872e-159
1.55351e-159
1.05888e-159
7.21599e-160
4.91651e-160
3.34913e-160
2.28097e-160
1.55317e-160
1.05739e-160
7.19715e-161
4.89779e-161
3.33237e-161
2.26683e-161
1.5417e-161
1.04832e-161
7.12685e-162
4.84414e-162
3.29192e-162
2.23663e-162
1.51933e-162
1.03187e-162
7.00661e-163
4.7567e-163
3.22862e-163
2.19099e-163
1.48655e-163
1.00839e-163
6.83899e-164
4.63733e-164
3.14382e-164
2.13089e-164
1.44403e-164
9.78377e-165
6.62748e-165
4.48853e-165
3.03929e-165
2.05757e-165
1.39267e-165
9.42447e-166
6.37644e-166
4.31333e-166
2.91716e-166
1.97252e-166
1.3335e-166
9.01324e-167
6.0909e-167
4.11523e-167
2.77984e-167
1.87741e-167
1.26769e-167
8.55812e-168
5.7764e-168
3.89806e-168
2.62999e-168
1.77408e-168
1.19648e-168
8.06767e-169
5.43884e-169
3.66587e-169
2.47036e-169
1.6644e-169
1.12116e-169
7.55078e-170
5.08426e-170
3.42277e-170
2.30378e-170
1.5503e-170
1.04305e-170
7.0163e-171
4.71871e-171
3.17287e-171
2.13301e-171
1.43367e-171
9.63421e-172
6.47288e-172
4.34802e-172
2.92011e-172
1.96074e-172
1.31629e-172
8.83486e-173
5.9287e-173
3.97771e-173
2.6682e-173
1.78945e-173
1.19986e-173
8.04371e-174
