0
4.2434e-45
9.64756e-45
1.63939e-44
2.46765e-44
3.46992e-44
4.6673e-44
6.08107e-44
7.73212e-44
9.64017e-44
1.18228e-43
1.42942e-43
1.70639e-43
2.01347e-43
2.3501e-43
2.71462e-43
3.10399e-43
3.51349e-43
3.93637e-43
4.3634e-43
4.78251e-43
5.17822e-43
5.53119e-43
5.81761e-43
6.00866e-43
6.06988e-43
5.96057e-43
5.6332e-43
5.03286e-43
4.09677e-43
2.75389e-43
9.24651e-44
-1.4791e-43
-4.55392e-43
-8.40429e-43
-1.31418e-42
-1.88835e-42
-2.57507e-42
-3.38654e-42
-4.33477e-42
-5.43111e-42
-6.68573e-42
-8.10695e-42
-9.70044e-42
-1.14683e-41
-1.34079e-41
-1.55108e-41
-1.77607e-41
-2.01324e-41
-2.25897e-41
-2.50829e-41
-2.7547e-41
-2.98987e-41
-3.20339e-41
-3.38248e-41
-3.51165e-41
-3.57245e-41
-3.54308e-41
-3.39817e-41
-3.10842e-41
-2.64041e-41
-1.95637e-41
-1.01407e-41
2.33176e-42
1.83645e-41
3.85094e-41
6.33548e-41
9.35183e-41
1.29637e-40
1.72354e-40
2.22302e-40
2.80079e-40
3.46223e-40
4.21179e-40
5.05256e-40
5.98585e-40
7.01058e-40
8.12265e-40
9.31425e-40
1.0573e-39
1.18808e-39
1.32134e-39
1.45384e-39
1.58147e-39
1.69909e-39
1.80039e-39
1.87774e-39
1.92205e-39
1.92262e-39
1.867e-39
1.74085e-39
1.52783e-39
1.20953e-39
7.65369e-40
1.72655e-40
-5.93404e-40
-1.55955e-39
-2.75424e-39
-4.20733e-39
-5.94957e-39
-8.012e-39
-1.04251e-38
-1.32178e-38
-1.64162e-38
-2.00418e-38
-2.41103e-38
-2.86286e-38
-3.35927e-38
-3.89848e-38
-4.47698e-38
-5.08916e-38
-5.72688e-38
-6.37901e-38
-7.03092e-38
-7.66391e-38
-8.25463e-38
-8.77449e-38
-9.18896e-38
-9.45699e-38
-9.53031e-38
-9.35285e-38
-8.86016e-38
-7.97895e-38
-6.62674e-38
-4.71163e-38
-2.13234e-38
1.22151e-38
5.4688e-38
1.07359e-37
1.7155e-37
2.48623e-37
3.39951e-37
4.46882e-37
5.70695e-37
7.12545e-37
8.73401e-37
1.05396e-36
1.25456e-36
1.47508e-36
1.7148e-36
1.97226e-36
2.24515e-36
2.53006e-36
2.82235e-36
3.1159e-36
3.40291e-36
3.67366e-36
3.91622e-36
4.11627e-36
4.25676e-36
4.3177e-36
4.27591e-36
4.10481e-36
3.77421e-36
3.25021e-36
2.49513e-36
1.46749e-36
1.22207e-37
-1.58921e-36
-3.7182e-36
-6.31854e-36
-9.44549e-36
-1.31547e-35
-1.75009e-35
-2.25357e-35
-2.83063e-35
-3.4852e-35
-4.22016e-35
-5.03698e-35
-5.93532e-35
-6.91251e-35
-7.96307e-35
-9.07808e-35
-1.02445e-34
-1.14445e-34
-1.26546e-34
-1.3845e-34
-1.49783e-34
-1.6009e-34
-1.68824e-34
-1.75335e-34
-1.78863e-34
-1.78529e-34
-1.73325e-34
-1.6211e-34
-1.43607e-34
-1.16395e-34
-7.89175e-35
-2.94833e-35
3.3722e-35
1.12619e-34
2.09214e-34
3.25563e-34
4.63736e-34
6.25762e-34
8.13567e-34
1.02889e-33
1.27321e-33
1.54761e-33
1.85266e-33
2.18828e-33
2.55357e-33
2.94661e-33
3.36425e-33
3.8019e-33
4.25327e-33
4.71009e-33
5.1618e-33
5.59532e-33
5.99463e-33
6.34055e-33
6.61035e-33
6.77749e-33
6.81132e-33
6.6768e-33
6.33436e-33
5.73971e-33
4.84384e-33
3.59303e-33
1.92911e-33
-2.10208e-34
-2.89075e-33
-6.1811e-33
-1.01515e-32
-1.48724e-32
-2.04131e-32
-2.68389e-32
-3.42092e-32
-4.25741e-32
-5.1971e-32
-6.24202e-32
-7.39202e-32
-8.64425e-32
-9.99253e-32
-1.14267e-31
-1.29318e-31
-1.44875e-31
-1.60669e-31
-1.76359e-31
-1.91522e-31
-2.0564e-31
-2.18096e-31
-2.2816e-31
-2.34981e-31
-2.37577e-31
-2.3483e-31
-2.2548e-31
-2.08118e-31
-1.81191e-31
-1.42999e-31
-9.17045e-32
-2.53463e-32
5.81454e-32
1.60922e-31
2.85182e-31
4.3313e-31
6.06923e-31
8.08602e-31
1.04002e-30
1.30273e-30
1.59791e-30
1.92622e-30
2.28763e-30
2.68132e-30
3.10545e-30
3.557e-30
4.0315e-30
4.52287e-30
5.02311e-30
5.52206e-30
6.00714e-30
6.46305e-30
6.8715e-30
7.21093e-30
7.45629e-30
7.57874e-30
7.54551e-30
7.3197e-30
6.86027e-30
6.12195e-30
5.0554e-30
3.6074e-30
1.72124e-30
-6.62776e-31
-3.60654e-30
-7.1732e-30
-1.14259e-29
-1.64264e-29
-2.2233e-29
-2.88984e-29
-3.64673e-29
-4.49732e-29
-5.4435e-29
-6.48531e-29
-7.6205e-29
-8.84405e-29
-1.01476e-28
-1.1519e-28
-1.29415e-28
-1.43931e-28
-1.58462e-28
-1.72662e-28
-1.86117e-28
-1.98328e-28
-2.08712e-28
-2.16589e-28
-2.21184e-28
-2.21612e-28
-2.16885e-28
-2.05902e-28
-1.87453e-28
-1.60224e-28
-1.22799e-28
-7.36754e-29
-1.12725e-29
6.60433e-29
1.59935e-28
2.72063e-28
4.04044e-28
5.57405e-28
7.33525e-28
9.3357e-28
1.15842e-27
1.40856e-27
1.68403e-27
1.98425e-27
2.30797e-27
2.65307e-27
3.01646e-27
3.39393e-27
3.77994e-27
4.16753e-27
4.54806e-27
4.91112e-27
5.24429e-27
5.53302e-27
5.76047e-27
5.90736e-27
5.95189e-27
5.86964e-27
5.63357e-27
5.21401e-27
4.5788e-27
3.6934e-27
2.52121e-27
1.02389e-27
-8.38128e-28
-3.10502e-27
-5.81678e-27
-9.01228e-27
-1.27281e-26
-1.69973e-26
-2.18478e-26
-2.73003e-26
-3.33669e-26
-4.00483e-26
-4.73314e-26
-5.51866e-26
-6.35648e-26
-7.23942e-26
-8.15766e-26
-9.09842e-26
-1.00456e-25
-1.09792e-25
-1.18754e-25
-1.27056e-25
-1.34366e-25
-1.40299e-25
-1.44418e-25
-1.46226e-25
-1.45171e-25
-1.40643e-25
-1.31974e-25
-1.18441e-25
-9.92716e-26
-7.36477e-26
-4.07155e-26
4.03838e-28
5.06003e-26
1.10758e-25
1.81732e-25
2.64329e-25
3.59271e-25
4.67167e-25
5.88474e-25
7.2345e-25
8.72113e-25
1.03418e-24
1.20901e-24
1.39556e-24
1.59228e-24
1.79707e-24
2.00722e-24
2.21929e-24
2.42908e-24
2.63151e-24
2.82058e-24
2.98931e-24
3.12962e-24
3.23237e-24
3.28723e-24
3.28271e-24
3.20617e-24
3.04379e-24
2.7807e-24
2.40099e-24
1.88791e-24
1.22401e-24
3.9139e-25
-6.28045e-25
-1.85219e-24
-3.29836e-24
-4.98273e-24
-6.91985e-24
-9.12187e-24
-1.15979e-23
-1.4353e-23
-1.73876e-23
-2.06959e-23
-2.42652e-23
-2.80748e-23
-3.20942e-23
-3.62823e-23
-4.05856e-23
-4.49372e-23
-4.9255e-23
-5.34406e-23
-5.73778e-23
-6.09317e-23
-6.39471e-23
-6.62479e-23
-6.76369e-23
-6.78947e-23
-6.67806e-23
-6.40326e-23
-5.93691e-23
-5.24903e-23
-4.30811e-23
-3.08143e-23
-1.53551e-23
3.63345e-24
2.6484e-23
5.35168e-23
8.50307e-23
1.21293e-22
1.62526e-22
2.08894e-22
2.60491e-22
3.17319e-22
3.79272e-22
4.46119e-22
5.17478e-22
5.92798e-22
6.71334e-22
7.52123e-22
8.33962e-22
9.15382e-22
9.94627e-22
1.06963e-21
1.13799e-21
1.19698e-21
1.24348e-21
1.27402e-21
1.28477e-21
1.27152e-21
1.2297e-21
1.15442e-21
1.0405e-21
8.82488e-22
6.74763e-22
4.11582e-22
8.7186e-23
-3.04091e-22
-7.67684e-22
-1.30865e-21
-1.93147e-21
-2.63988e-21
-3.43662e-21
-4.32319e-21
-5.29958e-21
-6.36397e-21
-7.51243e-21
-8.73854e-21
-1.00331e-20
-1.13837e-20
-1.27743e-20
-1.41852e-20
-1.55921e-20
-1.69661e-20
-1.82737e-20
-1.94755e-20
-2.05272e-20
-2.13784e-20
-2.19731e-20
-2.22496e-20
-2.21402e-20
-2.15721e-20
-2.04672e-20
-1.87432e-20
-1.63138e-20
-1.30902e-20
-8.98205e-21
-3.89914e-21
2.24706e-21
9.5411e-21
1.80612e-20
2.78767e-20
3.90444e-20
5.1606e-20
6.55836e-20
8.09759e-20
9.77537e-20
1.15855e-19
1.35181e-19
1.5559e-19
1.76891e-19
1.98842e-19
2.2114e-19
2.43419e-19
2.65245e-19
2.86111e-19
3.05431e-19
3.2254e-19
3.36692e-19
3.47054e-19
3.52713e-19
3.52676e-19
3.4587e-19
3.31156e-19
3.07329e-19
2.73139e-19
2.27297e-19
1.68502e-19
9.54535e-20
6.88611e-21
-9.84064e-20
-2.21534e-19
-3.63473e-19
-5.25022e-19
-7.06753e-19
-9.08962e-19
-1.13161e-18
-1.37426e-18
-1.63603e-18
-1.91549e-18
-2.21063e-18
-2.51877e-18
-2.83651e-18
-3.15962e-18
-3.48301e-18
-3.80066e-18
-4.10557e-18
-4.38968e-18
-4.64387e-18
-4.85793e-18
-5.02054e-18
-5.11931e-18
-5.14078e-18
-5.07052e-18
-4.8932e-18
-4.59272e-18
-4.15238e-18
-3.55507e-18
-2.78354e-18
-1.82067e-18
-6.49829e-19
7.44739e-19
2.37746e-18
4.26094e-18
6.40539e-18
8.81801e-18
1.15024e-17
1.44576e-17
1.76777e-17
2.11508e-17
2.48583e-17
2.87738e-17
3.28627e-17
3.70808e-17
4.1374e-17
4.56773e-17
4.99138e-17
5.39947e-17
5.78181e-17
6.12692e-17
6.42197e-17
6.65282e-17
6.804e-17
6.85882e-17
6.7994e-17
6.60684e-17
6.26136e-17
5.74252e-17
5.02947e-17
4.10124e-17
2.93713e-17
1.51713e-17
-1.77635e-18
-2.16434e-17
-4.45787e-17
-7.07015e-17
-1.00094e-16
-1.32796e-16
-1.6879e-16
-2.08003e-16
-2.50286e-16
-2.95414e-16
-3.43071e-16
-3.92842e-16
-4.44204e-16
-4.96517e-16
-5.49016e-16
-6.00803e-16
-6.50839e-16
-6.97943e-16
-7.40784e-16
-7.77884e-16
-8.07618e-16
-8.28216e-16
-8.37772e-16
-8.34257e-16
-8.1553e-16
-7.79361e-16
-7.23453e-16
-6.45473e-16
-5.43087e-16
-4.13998e-16
-2.55997e-16
-6.70137e-17
1.54824e-16
4.11125e-16
7.03162e-16
1.0318e-15
1.39739e-15
1.79973e-15
2.23791e-15
2.71028e-15
3.2143e-15
3.74648e-15
4.30226e-15
4.87594e-15
5.46055e-15
6.04784e-15
6.62812e-15
7.19027e-15
7.72167e-15
8.20817e-15
8.63413e-15
8.98237e-15
9.23429e-15
9.36995e-15
9.36816e-15
9.20667e-15
8.86241e-15
8.3117e-15
7.53058e-15
6.4952e-15
5.18221e-15
3.56925e-15
1.63551e-15
-6.37688e-16
-3.26625e-15
-6.26258e-15
-9.63479e-15
-1.33859e-14
-1.75132e-14
-2.20068e-14
-2.68493e-14
-3.20148e-14
-3.74676e-14
-4.31617e-14
-4.90396e-14
-5.50321e-14
-6.10567e-14
-6.70179e-14
-7.28059e-14
-7.82971e-14
-8.33531e-14
-8.78216e-14
-9.15362e-14
-9.43174e-14
-9.59733e-14
-9.63009e-14
-9.50881e-14
-9.21155e-14
-8.71591e-14
-7.99933e-14
-7.03946e-14
-5.81451e-14
-4.30376e-14
-2.48804e-14
-3.50274e-15
2.1239e-14
4.94549e-14
8.12145e-14
1.1654e-13
1.55397e-13
1.97689e-13
2.43248e-13
2.91828e-13
3.43095e-13
3.9662e-13
4.51873e-13
5.08216e-13
5.64898e-13
6.21048e-13
6.75674e-13
7.27658e-13
7.75762e-13
8.18621e-13
8.54755e-13
8.82571e-13
9.00375e-13
9.06382e-13
8.98733e-13
8.75517e-13
8.34787e-13
7.74595e-13
6.93018e-13
5.88194e-13
4.58362e-13
3.01904e-13
1.17394e-13
-9.63562e-14
-3.40235e-13
-6.1478e-13
-9.20115e-13
-1.25589e-12
-1.62121e-12
-2.0146e-12
-2.43389e-12
-2.8762e-12
-3.33787e-12
-3.8144e-12
-4.30039e-12
-4.78952e-12
-5.27453e-12
-5.74714e-12
-6.19811e-12
-6.61721e-12
-6.99325e-12
-7.3141e-12
-7.5668e-12
-7.73761e-12
-7.81211e-12
-7.77536e-12
-7.61205e-12
-7.30669e-12
-6.84382e-12
-6.20829e-12
-5.38549e-12
-4.36171e-12
-3.12446e-12
-1.6628e-12
3.21855e-14
1.96706e-12
4.14553e-12
6.56805e-12
9.2313e-12
1.21278e-11
1.52453e-11
1.85666e-11
2.20687e-11
2.57228e-11
2.94937e-11
3.33396e-11
3.72115e-11
4.10536e-11
4.48027e-11
4.83884e-11
5.1733e-11
5.47523e-11
5.7355e-11
5.94443e-11
6.09177e-11
6.16684e-11
6.15861e-11
6.05583e-11
5.84718e-11
5.52141e-11
5.06757e-11
4.47517e-11
3.7344e-11
2.83644e-11
1.77365e-11
5.39875e-12
-8.69252e-12
-2.45602e-11
-4.22034e-11
-6.15939e-11
-8.26735e-11
-1.05351e-10
-1.29497e-10
-1.54946e-10
-1.81488e-10
-2.0887e-10
-2.36793e-10
-2.64911e-10
-2.92828e-10
-3.201e-10
-3.46233e-10
-3.7069e-10
-3.92882e-10
-4.12183e-10
-4.27926e-10
-4.39411e-10
-4.4591e-10
-4.46676e-10
-4.40951e-10
-4.27975e-10
-4.06998e-10
-3.77293e-10
-3.38168e-10
-2.88985e-10
-2.2917e-10
-1.58236e-10
-7.57961e-11
1.84127e-11
1.24515e-10
2.42473e-10
3.72072e-10
5.12896e-10
6.64311e-10
8.25445e-10
9.95176e-10
1.17211e-09
1.35458e-09
1.54061e-09
1.72795e-09
1.91402e-09
2.09595e-09
2.27059e-09
2.43446e-09
2.58385e-09
2.71476e-09
2.823e-09
2.90417e-09
2.95372e-09
2.967e-09
2.93932e-09
2.866e-09
2.74245e-09
2.56426e-09
2.32724e-09
2.02758e-09
1.66187e-09
1.22726e-09
7.2157e-10
1.43342e-10
-5.0799e-10
-1.23201e-09
-2.0272e-09
-2.89085e-09
-3.81891e-09
-4.80595e-09
-5.84502e-09
-6.92758e-09
-8.04347e-09
-9.18081e-09
-1.0326e-08
-1.14638e-08
-1.2577e-08
-1.36471e-08
-1.46535e-08
-1.55747e-08
-1.63873e-08
-1.70669e-08
-1.75883e-08
-1.79253e-08
-1.80514e-08
-1.79399e-08
-1.75645e-08
-1.68993e-08
-1.59197e-08
-1.46026e-08
-1.29271e-08
-1.08747e-08
-8.43032e-09
-5.58247e-09
-2.32412e-09
1.3468e-09
5.42681e-09
9.90627e-09
1.47688e-08
1.99909e-08
2.55412e-08
3.13802e-08
3.74598e-08
4.37232e-08
5.01044e-08
5.65286e-08
6.29114e-08
6.91601e-08
7.51729e-08
8.084e-08
8.60442e-08
9.06615e-08
9.4562e-08
9.76116e-08
9.96726e-08
1.00606e-07
1.00273e-07
9.85366e-08
9.52643e-08
9.03299e-08
8.36166e-08
7.5019e-08
6.44461e-08
5.18241e-08
3.70993e-08
2.02412e-08
1.24513e-09
-1.98648e-08
-4.30326e-08
-6.81684e-08
-9.51452e-08
-1.23797e-07
-1.53918e-07
-1.85259e-07
-2.17528e-07
-2.50387e-07
-2.83458e-07
-3.16314e-07
-3.48491e-07
-3.79481e-07
-4.08739e-07
-4.35686e-07
-4.59712e-07
-4.80184e-07
-4.96447e-07
-5.07838e-07
-5.13687e-07
-5.13329e-07
-5.06114e-07
-4.91416e-07
-4.68644e-07
-4.37256e-07
-3.96768e-07
-3.46768e-07
-2.8693e-07
-2.17026e-07
-1.3694e-07
-4.66806e-08
5.36073e-08
1.63628e-07
2.82927e-07
4.10877e-07
5.46672e-07
6.89321e-07
8.37636e-07
9.90237e-07
1.14554e-06
1.30179e-06
1.45699e-06
1.60902e-06
1.75553e-06
1.89405e-06
2.02195e-06
2.13648e-06
2.23479e-06
2.31396e-06
2.37105e-06
2.40309e-06
2.40717e-06
2.38045e-06
2.32023e-06
2.22397e-06
2.08936e-06
1.91437e-06
1.6973e-06
1.43684e-06
1.13212e-06
7.82772e-07
3.88961e-07
-4.85332e-08
-5.28288e-07
-1.04819e-06
-1.6054e-06
-2.19631e-06
-2.81654e-06
-3.4609e-06
-4.12339e-06
-4.79719e-06
-5.47469e-06
-6.14754e-06
-6.8066e-06
-7.4421e-06
-8.04361e-06
-8.60019e-06
-9.10043e-06
-9.5326e-06
-9.88473e-06
-1.01448e-05
-1.03008e-05
-1.0341e-05
-1.02541e-05
-1.00293e-05
-9.65662e-06
-9.12711e-06
-8.43297e-06
-7.56781e-06
-6.52683e-06
-5.30709e-06
-3.90765e-06
-2.32979e-06
-5.7721e-07
1.34384e-06
3.42437e-06
5.65254e-06
8.01355e-06
1.04896e-05
1.30598e-05
1.57001e-05
1.83836e-05
2.10803e-05
2.37574e-05
2.63794e-05
2.89085e-05
3.13045e-05
3.35255e-05
3.55281e-05
3.72679e-05
3.86997e-05
3.97787e-05
4.04602e-05
4.07008e-05
4.04589e-05
3.96955e-05
3.83746e-05
3.64642e-05
3.3937e-05
3.07711e-05
2.69509e-05
2.24673e-05
1.73192e-05
1.15135e-05
5.06598e-06
-1.99812e-06
-9.64377e-06
-1.78256e-05
-2.64879e-05
-3.55641e-05
-4.49768e-05
-5.46381e-05
-6.44497e-05
-7.43029e-05
-8.40798e-05
-9.36535e-05
-0.000102889
-0.000111645
-0.000119774
-0.000127123
-0.000133539
-0.000138865
-0.000142948
-0.000145634
-0.000146777
-0.000146237
-0.000143884
-0.000139599
-0.000133277
-0.000124833
-0.000114197
-0.000101322
-8.61871e-05
-6.87945e-05
-4.91757e-05
-2.73921e-05
-3.5362e-06
2.22665e-05
4.98567e-05
7.90409e-05
0.000109591
0.000141244
0.000173703
0.000206638
0.000239689
0.000272466
0.00030455
0.000335501
0.00036486
0.000392149
0.00041688
0.000438561
0.000456697
0.0004708
0.000480394
0.000485022
0.000484252
0.000477686
0.000464968
0.000445786
0.000419886
0.000387077
0.000347235
0.000300313
0.000246346
0.000185457
0.000117862
4.3872e-05
-3.61015e-05
-0.000121545
-0.000211841
-0.000306271
-0.000404012
-0.000504146
-0.000605657
-0.000707441
-0.000808313
-0.000907011
-0.00100221
-0.00109254
-0.00117659
-0.00125291
-0.00132007
-0.00137661
-0.00142113
-0.00145226
-0.0014687
-0.00146922
-0.00145272
-0.0014182
-0.00136483
-0.00129192
-0.001199
-0.00108577
-0.000952167
-0.000798371
-0.000624804
-0.000432155
-0.000221383
6.2724e-06
0.000249291
0.000505867
0.000773918
0.00105108
0.00133474
0.00162203
0.00190983
0.00219484
0.00247356
0.00274234
0.00299742
0.00323493
0.00345098
0.00364167
0.00380316
0.00393169
0.00402366
0.00407565
0.00408451
0.00404738
0.00396178
0.00382562
0.00363727
0.00339561
0.00310007
0.00275069
0.00234813
0.00189368
0.00138937
0.000837896
0.000242672
-0.000392161
-0.00106175
-0.00176056
-0.00248236
-0.00322028
-0.00396686
-0.0047141
-0.00545348
-0.0061761
-0.0068727
-0.00753378
-0.0081497
-0.00871076
-0.00920733
-0.00962996
-0.0099695
-0.0102172
-0.010365
-0.0104052
-0.0103313
-0.0101375
-0.0098191
-0.0093725
-0.00879546
-0.00808708
-0.00724791
-0.00628003
-0.00518712
-0.0039745
-0.00264913
-0.00121968
0.000303517
0.0019085
0.0035817
0.00530804
0.007071
0.00885274
0.0106343
0.0123955
0.0141156
0.015773
0.0173458
0.0188116
0.0201485
0.0213345
0.0223483
0.0231695
0.0237787
0.024158
0.0242911
0.0241636
0.0237635
0.023081
0.0221092
0.0208441
0.0192847
0.0174334
0.0152959
0.0128816
0.0102033
0.00727741
0.00412417
0.000767202
-0.00276635
-0.00644604
-0.0102383
-0.0141065
-0.0180116
-0.0219121
-0.0257647
-0.0295243
-0.0331449
-0.0365797
-0.0397819
-0.042705
-0.0453035
-0.0475334
-0.0493525
-0.0507216
-0.0516046
-0.0519689
-0.0517866
-0.0510343
-0.0496941
-0.0477538
-0.0452071
-0.0420546
-0.0383033
-0.0339673
-0.0290681
-0.0236341
-0.0177009
-0.0113116
-0.0045157
0.00263012
0.0100631
0.0177144
0.0255099
0.0333706
0.0412136
0.0489523
0.056498
0.06376
0.0706471
0.0770685
0.0829346
0.0881583
0.0926559
0.0963484
0.0991625
0.101031
0.101896
0.101706
0.100421
0.0980109
0.094456
0.0897494
0.0838962
0.0769145
0.0688353
0.059703
0.0495754
0.0385233
0.0266304
0.0139929
0.000718898
-0.0130726
-0.0272524
-0.0416819
-0.056215
-0.0706987
-0.0849751
-0.0988827
-0.112258
-0.124937
-0.136759
-0.147564
-0.1572
-0.165522
-0.172392
-0.177685
-0.181289
-0.183105
-0.183051
-0.181063
-0.177094
-0.171119
-0.163133
-0.153153
-0.141218
-0.12739
-0.111753
-0.0944145
-0.0755024
-0.0551672
-0.0335796
-0.0109291
0.012577
0.0367153
0.0612486
0.0859278
0.110494
0.134683
0.158224
0.180846
0.202281
0.222262
0.240533
0.256848
0.270973
0.282693
0.29181
0.298151
0.301565
0.301931
0.299156
0.293177
0.283966
0.271527
0.255901
0.237163
0.215423
0.190828
0.163559
0.13383
0.101889
0.0680136
0.032509
-0.00429304
-0.0420384
-0.0803532
-0.118848
-0.157121
-0.194763
-0.23136
-0.2665
-0.299774
-0.330785
-0.35915
-0.384504
-0.406506
-0.424841
-0.439227
-0.449418
-0.455205
-0.456424
-0.452952
-0.444718
-0.431696
-0.413913
-0.391446
-0.364425
-0.333031
-0.297496
-0.258099
-0.215171
-0.169083
-0.12025
-0.0691256
-0.0161959
0.0380227
0.0929894
0.148144
0.202914
0.256718
0.308974
0.359104
0.406542
0.450739
0.491171
0.527342
0.558793
0.585106
0.60591
0.620886
0.62977
0.632358
0.62851
0.618151
0.601274
0.57794
0.54828
0.512496
0.470856
0.423694
0.371411
0.314466
0.253376
0.18871
0.121083
0.0511523
-0.0203911
-0.0928284
-0.16542
-0.237415
-0.308057
-0.376591
-0.442276
-0.504389
-0.562236
-0.615156
-0.662534
-0.703801
-0.738449
-0.766032
-0.78617
-0.798559
-0.802973
-0.799267
-0.787378
-0.767331
-0.739236
-0.703287
-0.659767
-0.60904
-0.551547
-0.487811
-0.418421
-0.344035
-0.265369
-0.183191
-0.0983161
-0.0115934
0.0760992
0.163865
0.250799
0.335994
0.418557
0.49761
0.572308
0.641842
0.705451
0.76243
0.812139
0.854007
0.887542
0.912337
0.92807
0.934515
0.931542
0.919116
0.897302
0.866265
0.826267
0.777665
0.720908
0.656534
0.585163
0.507492
0.424287
0.336377
0.244643
0.150011
0.0534414
-0.0440813
-0.141558
-0.237987
-0.332372
-0.423736
-0.511129
-0.59364
-0.670407
-0.740624
-0.803552
-0.858525
-0.90496
-0.942361
-0.970326
-0.988551
-0.996832
-0.995068
-0.983265
-0.961533
-0.930084
-0.889235
-0.839397
-0.781079
-0.714876
-0.641468
-0.561607
-0.476114
-0.385869
-0.2918
-0.194874
-0.0960884
0.00354253
0.102996
0.201253
0.297309
0.390183
0.478929
0.562648
0.640494
0.711683
0.775505
0.831327
0.878603
0.916875
0.945782
0.965063
0.974556
0.974202
0.964046
0.944235
0.915014
0.876726
0.829807
0.774781
0.712253
0.642904
0.567481
0.48679
0.401689
0.313076
0.221879
0.129048
0.0355449
-0.05767
-0.149644
-0.239446
-0.326172
-0.408957
-0.486984
-0.559493
-0.625785
-0.685234
-0.737286
-0.781474
-0.817413
-0.844808
-0.863457
-0.873249
-0.874167
-0.866287
-0.849775
-0.824884
-0.791955
-0.751407
-0.703734
-0.649499
-0.589328
-0.523901
-0.453947
-0.380232
-0.303553
-0.22473
-0.144594
-0.0639812
0.0162781
0.095367
0.172491
0.246886
0.317825
0.384629
0.446668
0.50337
0.554229
0.598804
0.636726
0.6677
0.69151
0.708015
0.717151
0.718936
0.71346
0.700889
0.681461
0.655481
0.623316
0.585395
0.542198
0.494251
0.442124
0.38642
0.327769
0.26682
0.204238
0.140691
0.0768475
0.0133661
-0.0491092
-0.109956
-0.168581
-0.224424
-0.276963
-0.325723
-0.370273
-0.410238
-0.445294
-0.475179
-0.499685
-0.518667
-0.53204
-0.539779
-0.541918
-0.538549
-0.52982
-0.515929
-0.497129
-0.473714
-0.446023
-0.414431
-0.379347
-0.341205
-0.300465
-0.257602
-0.213103
-0.167462
-0.121172
-0.0747247
-0.0286
0.0167358
0.0608353
0.103274
0.143656
0.181615
0.216818
0.248971
0.277817
0.30314
0.324766
0.342566
0.356451
0.366378
0.372343
0.374387
0.37259
0.367069
0.357978
0.345503
0.329863
0.311303
0.29009
0.266516
0.240887
0.213522
0.184751
0.15491
0.124335
0.0933621
0.0623219
0.0315362
0.00131524
-0.0280455
-0.0562678
-0.0830935
-0.108286
-0.131634
-0.152951
-0.172075
-0.188876
-0.203249
-0.21512
-0.22444
-0.231192
-0.235384
-0.237053
-0.236258
-0.233085
-0.227641
-0.220054
-0.21047
-0.199052
-0.185977
-0.171433
-0.155619
-0.138739
-0.121003
-0.102623
-0.0838098
-0.064774
-0.0457196
-0.0268448
-0.00833933
0.00961758
0.0268583
0.0432286
0.0585884
0.0728133
0.0857951
0.0974424
0.107681
0.116454
0.123723
0.129465
0.133675
0.136365
0.137561
0.137305
0.135653
0.132673
0.128445
0.123059
0.116613
0.109215
0.100978
0.0920177
0.0824559
0.0724149
0.0620176
0.051386
0.04064
0.0298963
0.0192666
0.00885762
-0.00123072
-0.0109057
-0.0200825
-0.0286851
-0.0366465
-0.043909
-0.0504249
-0.0561561
-0.0610744
-0.0651615
-0.0684085
-0.0708158
-0.0723929
-0.0731576
-0.0731355
-0.0723597
-0.0708698
-0.0687116
-0.0659357
-0.0625975
-0.0587559
-0.0544727
-0.0498118
-0.0448383
-0.0396181
-0.0342167
-0.0286987
-0.0231271
-0.017563
-0.0120645
-0.0066865
-0.00148032
0.00350693
0.00823252
0.0126585
0.0167516
0.0204839
0.0238323
0.0267791
0.0293115
0.0314219
0.0331074
0.0343698
0.0352156
0.035655
0.0357026
0.0353761
0.0346967
0.0336881
0.0323767
0.0307908
0.0289601
0.0269159
0.0246901
0.0223149
0.0198229
0.017246
0.0146158
0.0119628
0.00931614
0.00670371
0.00415151
0.00168368
-0.00067778
-0.00291308
-0.00500478
-0.00693785
-0.00869974
-0.0102804
-0.0116721
-0.0128697
-0.0138704
-0.0146736
-0.0152809
-0.015696
-0.0159243
-0.0159732
-0.0158514
-0.0155691
-0.0151379
-0.0145702
-0.0138791
-0.0130787
-0.0121833
-0.0112076
-0.0101662
-0.00907386
-0.00794502
-0.00679371
-0.00563351
-0.00447733
-0.00333734
-0.00222489
-0.00115042
-0.000123364
0.000847855
0.00175589
0.00259449
0.0033585
0.00404386
0.0046476
0.00516781
0.00560357
0.00595498
0.00622301
0.00640951
0.00651711
0.00654916
0.00650965
0.0064031
0.00623453
0.00600934
0.00573325
0.00541221
0.0050523
0.00465968
0.00424053
0.00380094
0.00334688
0.00288413
0.0024182
0.00195435
0.00149749
0.00105214
0.000622468
0.000212185
-0.000175418
-0.000537497
-0.000871663
-0.00117598
-0.00144895
-0.00168951
-0.00189704
-0.00207131
-0.00221245
-0.00232099
-0.00239775
-0.00244387
-0.00246075
-0.00245004
-0.00241357
-0.00235337
-0.00227159
-0.00217047
-0.00205236
-0.00191962
-0.00177463
-0.00161977
-0.00145737
-0.00128968
-0.00111889
-0.000947078
-0.000776188
-0.00060804
-0.000444305
-0.000286496
-0.000135962
6.11537e-06
0.000138728
0.000261036
0.000372372
0.000472232
0.000560276
0.000636317
0.000700314
0.000752365
0.000792693
0.000821638
0.000839646
0.000847254
0.000845081
0.000833813
0.000814192
0.000787004
0.000753066
0.000713217
0.000668304
0.000619172
0.000566659
0.000511581
0.000454728
0.000396856
0.000338679
0.000280866
0.000224035
0.000168751
0.000115522
6.47972e-05
1.69652e-05
-2.76443e-05
-6.87611e-05
-0.000106174
-0.000139728
-0.000169324
-0.000194913
-0.000216496
-0.000234118
-0.000247868
-0.000257871
-0.000264286
-0.0002673
-0.000267127
-0.000264001
-0.000258173
-0.000249905
-0.000239469
-0.000227142
-0.000213203
-0.000197926
-0.000181584
-0.000164439
-0.000146744
-0.00012874
-0.000110653
-9.26947e-05
-7.50571e-05
-5.7916e-05
-4.1428e-05
-2.57303e-05
-1.09411e-05
2.84089e-06
1.5536e-05
2.70829e-05
3.7438e-05
4.6575e-05
5.44833e-05
6.11672e-05
6.66451e-05
7.09474e-05
7.4116e-05
7.62025e-05
7.72671e-05
7.73771e-05
7.66055e-05
7.503e-05
7.27313e-05
6.97925e-05
6.62973e-05
6.23295e-05
5.79717e-05
5.33047e-05
4.84064e-05
4.33511e-05
3.82094e-05
3.30472e-05
2.79251e-05
2.2899e-05
1.80187e-05
1.33288e-05
8.86765e-06
4.66829e-06
7.57872e-07
-2.84198e-06
-6.11497e-06
-9.04995e-06
-1.16406e-05
-1.38851e-05
-1.57859e-05
-1.73491e-05
-1.85844e-05
-1.95046e-05
-2.01248e-05
-2.04628e-05
-2.05379e-05
-2.03711e-05
-1.99844e-05
-1.94007e-05
-1.8643e-05
-1.77348e-05
-1.66992e-05
-1.55589e-05
-1.4336e-05
-1.30517e-05
-1.17262e-05
-1.03782e-05
-9.0256e-06
-7.6844e-06
-6.36933e-06
-5.09353e-06
-3.86854e-06
-2.70435e-06
-1.60935e-06
-5.90443e-07
3.46999e-07
1.19901e-06
1.96297e-06
2.63753e-06
3.22253e-06
3.71886e-06
4.12841e-06
4.45392e-06
4.69889e-06
4.8675e-06
4.96444e-06
4.99485e-06
4.96424e-06
4.87834e-06
4.74303e-06
4.56429e-06
4.34808e-06
4.10028e-06
3.82662e-06
3.53265e-06
3.22366e-06
2.90466e-06
2.58032e-06
2.25497e-06
1.93256e-06
1.61667e-06
1.31044e-06
1.01666e-06
7.37687e-07
4.75503e-07
2.31706e-07
7.527e-09
-1.96148e-07
-3.78761e-07
-5.40059e-07
-6.80068e-07
-7.99068e-07
-8.97569e-07
-9.76281e-07
-1.03609e-06
-1.07802e-06
-1.10322e-06
-1.11296e-06
-1.10854e-06
-1.09134e-06
-1.06275e-06
-1.02419e-06
-9.77048e-07
-9.22699e-07
-8.62472e-07
-7.97648e-07
-7.29439e-07
-6.5899e-07
-5.87362e-07
-5.15532e-07
-4.44387e-07
-3.74724e-07
-3.07243e-07
-2.42554e-07
-1.81174e-07
-1.23531e-07
-6.99664e-08
-2.07384e-08
2.39716e-08
6.40553e-08
9.94715e-08
1.3024e-07
1.56436e-07
1.78184e-07
1.9565e-07
2.09038e-07
2.18582e-07
2.24539e-07
2.27188e-07
2.26821e-07
2.23736e-07
2.1824e-07
2.10636e-07
2.01226e-07
1.90303e-07
1.7815e-07
1.65039e-07
1.51225e-07
1.36949e-07
1.22432e-07
1.07877e-07
9.34662e-08
7.93636e-08
6.5712e-08
5.26348e-08
4.02356e-08
2.85996e-08
1.77936e-08
7.86763e-09
-1.1444e-09
-9.22337e-09
-1.63638e-08
-2.25723e-08
-2.78667e-08
-3.22744e-08
-3.5831e-08
-3.85794e-08
-4.05679e-08
-4.18498e-08
-4.24817e-08
-4.25224e-08
-4.20324e-08
-4.10725e-08
-3.97032e-08
-3.79841e-08
-3.59728e-08
-3.37248e-08
-3.1293e-08
-2.87268e-08
-2.60725e-08
-2.33726e-08
-2.06657e-08
-1.79866e-08
-1.5366e-08
-1.28308e-08
-1.04038e-08
-8.1043e-09
-5.94774e-09
-3.94623e-09
-2.10861e-09
-4.4072e-10
1.05439e-09
2.37618e-09
3.52639e-09
4.50874e-09
5.32873e-09
5.99331e-09
6.51072e-09
6.89015e-09
7.14162e-09
7.2757e-09
7.30333e-09
7.23564e-09
7.08379e-09
6.85882e-09
6.57154e-09
6.23236e-09
5.85125e-09
5.43765e-09
5.00039e-09
4.54765e-09
4.0869e-09
3.62494e-09
3.16781e-09
2.72085e-09
2.28867e-09
1.87521e-09
1.4837e-09
1.11677e-09
7.76407e-10
4.64063e-10
1.80652e-10
-7.33829e-11
-2.98032e-10
-4.93666e-10
-6.60993e-10
-8.01011e-10
-9.14964e-10
-1.00429e-09
-1.07061e-09
-1.11562e-09
-1.14116e-09
-1.14908e-09
-1.14126e-09
-1.11959e-09
-1.08591e-09
-1.04202e-09
-9.89647e-10
-9.30443e-10
-8.65955e-10
-7.97625e-10
-7.26785e-10
-6.54646e-10
-5.82302e-10
-5.10721e-10
-4.40755e-10
-3.73134e-10
-3.08476e-10
-2.47287e-10
-1.89973e-10
-1.36838e-10
-8.80977e-11
-4.38853e-11
-4.25779e-12
3.07948e-11
6.1342e-11
8.75052e-11
1.0945e-10
1.27378e-10
1.41523e-10
1.52139e-10
1.595e-10
1.6389e-10
1.65599e-10
1.64921e-10
1.62146e-10
1.57558e-10
1.51432e-10
1.44032e-10
1.35606e-10
1.26389e-10
1.16598e-10
1.06431e-10
9.60694e-11
8.56743e-11
7.53887e-11
6.53373e-11
5.56265e-11
4.63457e-11
3.75676e-11
2.93496e-11
2.17348e-11
1.47527e-11
8.42082e-12
2.74594e-12
-2.27504e-12
-6.65364e-12
-1.04087e-11
-1.35653e-11
-1.61535e-11
-1.82075e-11
-1.97647e-11
-2.08645e-11
-2.15481e-11
-2.1857e-11
-2.1833e-11
-2.15171e-11
-2.09496e-11
-2.0169e-11
-1.92123e-11
-1.81141e-11
-1.69069e-11
-1.56205e-11
-1.42824e-11
-1.29171e-11
-1.15467e-11
-1.01906e-11
-8.86547e-12
-7.58564e-12
-6.36298e-12
-5.20711e-12
-4.12552e-12
-3.12378e-12
-2.20563e-12
-1.3732e-12
-6.27174e-13
3.30417e-14
6.09161e-13
1.10384e-12
1.52055e-12
1.86337e-12
2.13693e-12
2.34622e-12
2.49649e-12
2.59315e-12
2.6417e-12
2.64757e-12
2.61612e-12
2.55256e-12
2.46186e-12
2.34877e-12
2.21771e-12
2.07283e-12
1.9179e-12
1.75639e-12
1.5914e-12
1.42566e-12
1.26161e-12
1.10131e-12
9.46515e-13
7.98688e-13
6.58995e-13
5.28339e-13
4.07379e-13
2.96552e-13
1.96096e-13
1.06072e-13
2.63845e-14
-4.31948e-14
-1.03008e-13
-1.53491e-13
-1.95154e-13
-2.28568e-13
-2.54345e-13
-2.73125e-13
-2.85564e-13
-2.92322e-13
-2.94055e-13
-2.91402e-13
-2.84981e-13
-2.75383e-13
-2.63166e-13
-2.48852e-13
-2.32923e-13
-2.15821e-13
-1.97948e-13
-1.7966e-13
-1.61274e-13
-1.43066e-13
-1.25273e-13
-1.08093e-13
-9.16912e-14
-7.6197e-14
-6.17109e-14
-4.8305e-14
-3.60262e-14
-2.48989e-14
-1.49276e-14
-6.09925e-15
1.61364e-15
8.25116e-15
1.38635e-14
1.85091e-14
2.22522e-14
2.51618e-14
2.73093e-14
2.87678e-14
2.96102e-14
2.99087e-14
2.97334e-14
2.91518e-14
2.82283e-14
2.70232e-14
2.55927e-14
2.39889e-14
2.2259e-14
2.04456e-14
1.85868e-14
1.67159e-14
1.48621e-14
1.30501e-14
1.13006e-14
9.63056e-15
8.05344e-15
6.57944e-15
5.21582e-15
3.96722e-15
2.83594e-15
1.82222e-15
9.24531e-16
1.39835e-16
-5.36146e-16
-1.10871e-15
-1.58394e-15
-1.96851e-15
-2.26951e-15
-2.49429e-15
-2.65027e-15
-2.74487e-15
-2.78537e-15
-2.77885e-15
-2.73207e-15
-2.65144e-15
-2.54299e-15
-2.41227e-15
-2.26443e-15
-2.10409e-15
-1.93545e-15
-1.76221e-15
-1.58762e-15
-1.41449e-15
-1.24519e-15
-1.08172e-15
-9.25698e-16
-7.78385e-16
-6.40743e-16
-5.13448e-16
-3.96922e-16
-2.91364e-16
-1.96777e-16
-1.13002e-16
-3.97338e-17
2.3444e-17
7.70421e-17
1.21642e-16
1.57879e-16
1.86422e-16
2.0796e-16
2.23189e-16
2.328e-16
2.37469e-16
2.37848e-16
2.3456e-16
2.28194e-16
2.19298e-16
2.08381e-16
1.95907e-16
1.82295e-16
1.67921e-16
1.53119e-16
1.38177e-16
1.23346e-16
1.08836e-16
9.48232e-17
8.14482e-17
6.8822e-17
5.70274e-17
4.61224e-17
3.61422e-17
2.71028e-17
1.90033e-17
1.18281e-17
5.54997e-18
1.31514e-19
-4.47225e-18
-8.31228e-18
-1.14438e-17
-1.39247e-17
-1.58145e-17
-1.71729e-17
-1.80588e-17
-1.85299e-17
-1.86414e-17
-1.84461e-17
-1.79935e-17
-1.73295e-17
-1.64967e-17
-1.55338e-17
-1.44755e-17
-1.33529e-17
-1.21935e-17
-1.10209e-17
-9.85574e-18
-8.71504e-18
-7.61301e-18
-6.56107e-18
-5.5681e-18
-4.6407e-18
-3.78342e-18
-2.99901e-18
-2.28864e-18
-1.65214e-18
-1.08819e-18
-5.94511e-19
-1.68078e-19
1.94747e-19
4.98053e-19
7.46242e-19
9.43918e-19
1.09578e-18
1.20652e-18
1.28077e-18
1.32303e-18
1.33761e-18
1.32859e-18
1.29981e-18
1.2548e-18
1.19682e-18
1.12884e-18
1.05351e-18
9.73185e-19
8.89946e-19
8.05585e-19
7.21635e-19
6.3938e-19
5.59879e-19
4.83976e-19
4.12328e-19
3.45419e-19
2.83578e-19
2.27004e-19
1.75775e-19
1.29874e-19
8.91983e-20
5.35761e-20
2.27816e-20
-3.45393e-21
-2.54308e-20
-4.3471e-20
-5.79095e-20
-6.9087e-20
-7.73428e-20
-8.30102e-20
-8.64114e-20
-8.78545e-20
-8.76304e-20
-8.60105e-20
-8.3246e-20
-7.95665e-20
-7.51798e-20
-7.02719e-20
-6.50077e-20
-5.95312e-20
-5.3967e-20
-4.84207e-20
-4.29809e-20
-3.77201e-20
-3.26959e-20
-2.79529e-20
-2.35237e-20
-1.94306e-20
-1.56865e-20
-1.22965e-20
-9.25905e-21
-6.56691e-21
-4.20831e-21
-2.16786e-21
-4.27366e-22
1.03339e-21
2.236e-21
3.20282e-21
3.9565e-21
4.51952e-21
4.9139e-21
5.16083e-21
5.28053e-21
5.292e-21
5.21295e-21
5.05967e-21
4.84704e-21
4.58847e-21
4.29593e-21
3.97999e-21
3.64985e-21
3.31344e-21
2.97748e-21
2.64756e-21
2.32826e-21
2.02319e-21
1.73515e-21
1.46616e-21
1.21759e-21
9.90231e-22
7.84392e-22
5.99956e-22
4.36461e-22
2.93169e-22
1.69119e-22
6.31853e-23
-2.5881e-23
-9.94055e-23
-1.58757e-22
-2.05316e-22
-2.40452e-22
-2.65495e-22
-2.81729e-22
-2.90368e-22
-2.92553e-22
-2.89345e-22
-2.81714e-22
-2.70546e-22
-2.56634e-22
-2.40687e-22
-2.23327e-22
-2.05095e-22
-1.86454e-22
-1.67797e-22
-1.49449e-22
-1.31675e-22
-1.14685e-22
-9.86377e-23
-8.36503e-23
-6.98007e-23
-5.71337e-23
-4.56659e-23
-3.53901e-23
-2.62797e-23
-1.82922e-23
-1.13729e-23
-5.45774e-24
-4.76248e-25
3.64626e-24
6.98662e-24
9.6221e-24
1.1629e-23
1.30813e-23
1.40502e-23
1.46027e-23
1.48018e-23
1.47055e-23
1.43673e-23
1.38353e-23
1.31528e-23
1.23582e-23
1.14851e-23
1.05629e-23
9.61639e-24
8.66664e-24
7.73104e-24
6.82372e-24
5.95579e-24
5.13573e-24
4.36969e-24
3.66175e-24
3.01426e-24
2.42807e-24
1.90279e-24
1.43701e-24
1.0285e-24
6.74402e-25
3.71395e-25
1.15825e-25
-9.61632e-26
-2.68526e-25
-4.05227e-25
-5.10169e-25
-5.87133e-25
-6.39729e-25
-6.71365e-25
-6.85221e-25
-6.84229e-25
-6.71068e-25
-6.48156e-25
-6.17659e-25
-5.8149e-25
-5.41323e-25
-4.98606e-25
-4.54572e-25
-4.10257e-25
-3.66518e-25
-3.24045e-25
-2.83383e-25
-2.44944e-25
-2.09027e-25
-1.7583e-25
-1.45465e-25
-1.17975e-25
-9.33394e-26
-7.14906e-26
-5.23221e-26
-3.56974e-26
-2.14584e-26
-9.43143e-27
5.65881e-28
8.72024e-27
1.52183e-26
2.02431e-26
2.39717e-26
2.65727e-26
2.82046e-26
2.9015e-26
2.91398e-26
2.87025e-26
2.78145e-26
2.65753e-26
2.50724e-26
2.33823e-26
2.1571e-26
1.96944e-26
1.77995e-26
1.5925e-26
1.4102e-26
1.23549e-26
1.07024e-26
9.15768e-27
7.72965e-27
6.42334e-27
5.24059e-27
4.18056e-27
3.24029e-27
2.41511e-27
1.69906e-27
1.08523e-27
5.66088e-28
1.33702e-28
-2.20005e-28
-5.03088e-28
-7.23435e-28
-8.88644e-28
-1.00594e-27
-1.08209e-27
-1.12339e-27
-1.13561e-27
-1.12399e-27
-1.09323e-27
-1.04753e-27
-9.90581e-28
-9.25579e-28
-8.55286e-28
-7.8204e-28
-7.07796e-28
-6.34159e-28
-5.6242e-28
-4.9359e-28
-4.28432e-28
-3.67497e-28
-3.11149e-28
-2.59595e-28
-2.12912e-28
-1.71068e-28
-1.33945e-28
-1.01356e-28
-7.30626e-29
-4.8789e-29
-2.82344e-29
-1.10839e-29
2.98343e-30
1.42865e-29
2.31369e-29
2.98341e-29
3.46618e-29
3.78859e-29
3.97522e-29
4.04858e-29
4.02907e-29
3.93496e-29
3.78249e-29
3.58588e-29
3.35749e-29
3.10792e-29
2.84615e-29
2.57964e-29
2.31452e-29
2.05572e-29
1.80706e-29
1.57146e-29
1.351e-29
1.14705e-29
9.60418e-30
7.9139e-30
6.39863e-30
5.05405e-30
3.87334e-30
2.84777e-30
1.96726e-30
1.2208e-30
5.96925e-31
8.39441e-32
-3.29725e-31
-6.55372e-31
-9.03822e-31
-1.08531e-30
-1.20941e-30
-1.28494e-30
-1.31996e-30
-1.32175e-30
-1.29685e-30
-1.251e-30
-1.18926e-30
-1.11601e-30
-1.03498e-30
-9.49334e-31
-8.61703e-31
-7.74234e-31
-6.88648e-31
-6.06289e-31
-5.2817e-31
-4.55017e-31
-3.87314e-31
-3.25339e-31
-2.69199e-31
-2.18862e-31
-1.74187e-31
-1.34945e-31
-1.00844e-31
-7.1545e-32
-4.66812e-32
-2.5868e-32
-8.71581e-33
5.16142e-33
1.6139e-32
2.45759e-32
3.08112e-32
3.51605e-32
3.79147e-32
3.93389e-32
3.96718e-32
3.91269e-32
3.78922e-32
3.61323e-32
3.39893e-32
3.15846e-32
2.90204e-32
2.63816e-32
2.37374e-32
2.11433e-32
1.86424e-32
1.62673e-32
1.40413e-32
1.198e-32
1.00924e-32
8.382e-33
6.84812e-33
5.48645e-33
4.29003e-33
3.24989e-33
2.35565e-33
1.59603e-33
9.59246e-34
4.33382e-34
6.64013e-36
-3.32423e-34
-5.94737e-34
-7.90593e-34
-9.2956e-34
-1.02043e-33
-1.07121e-33
-1.08908e-33
-1.08045e-33
-1.05097e-33
-1.00555e-33
-9.48438e-34
-8.83245e-34
-8.1301e-34
-7.40253e-34
-6.67027e-34
-5.94969e-34
-5.25355e-34
-4.59146e-34
-3.97033e-34
-3.39475e-34
-2.86742e-34
-2.38947e-34
-1.96073e-34
-1.58002e-34
-1.24542e-34
-9.54403e-35
-7.04052e-35
-4.91195e-35
-3.12524e-35
-1.64692e-35
-4.43946e-36
5.15698e-36
1.26253e-35
1.82522e-35
2.23038e-35
2.50243e-35
2.66351e-35
2.7335e-35
2.73007e-35
2.66873e-35
2.56301e-35
2.42454e-35
2.26319e-35
2.08728e-35
1.90365e-35
1.71791e-35
1.53449e-35
1.35688e-35
1.18767e-35
1.02874e-35
8.81358e-36
7.46253e-36
6.23749e-36
5.13826e-36
4.16193e-36
3.30356e-36
2.55669e-36
1.91382e-36
1.36676e-36
9.07002e-37
5.25928e-37
2.15048e-37
-3.38532e-38
-2.28592e-37
-3.76501e-37
-4.84372e-37
-5.58422e-37
-6.04281e-37
-6.2699e-37
-6.31023e-37
-6.20303e-37
-5.98237e-37
-5.67753e-37
-5.31333e-37
-4.9106e-37
-4.48652e-37
-4.05505e-37
-3.62732e-37
-3.21199e-37
-2.81556e-37
-2.44272e-37
-2.09663e-37
-1.77918e-37
-1.4912e-37
-1.23271e-37
-1.00305e-37
-8.01068e-38
-6.25254e-38
-4.73836e-38
-3.44885e-38
-2.36388e-38
-1.46314e-38
-7.26615e-39
-1.34971e-39
3.30161e-39
6.85982e-39
9.48397e-39
1.13194e-38
1.24974e-38
1.31354e-38
1.33373e-38
1.31942e-38
1.2785e-38
1.21773e-38
1.14283e-38
1.05861e-38
9.69013e-39
8.77251e-39
7.85878e-39
6.96876e-39
6.1174e-39
5.31549e-39
4.57032e-39
3.88628e-39
3.26542e-39
2.70789e-39
2.21238e-39
1.77645e-39
1.39684e-39
1.06973e-39
7.90948e-40
5.5614e-40
3.60911e-40
2.00936e-40
7.20402e-41
-2.97351e-41
-1.08093e-40
-1.6645e-40
-2.07925e-40
-2.35328e-40
-2.5117e-40
-2.57667e-40
-2.56758e-40
-2.50121e-40
-2.39189e-40
-2.25178e-40
-2.091e-40
-1.91791e-40
-1.73929e-40
-1.56051e-40
-1.38576e-40
-1.21818e-40
-1.06006e-40
-9.1295e-41
-7.77789e-41
-6.55033e-41
-5.44748e-41
-4.46693e-41
-3.60396e-41
-2.85218e-41
-2.20404e-41
-1.65128e-41
-1.18524e-41
-7.97228e-42
-4.78661e-42
-2.21277e-42
-1.72457e-43
1.40745e-42
2.59433e-42
3.44953e-42
4.02831e-42
4.3799e-42
4.54772e-42
4.56965e-42
4.47841e-42
4.30198e-42
4.06396e-42
3.78405e-42
3.47845e-42
3.16028e-42
2.83997e-42
2.52562e-42
2.22333e-42
1.93754e-42
1.67126e-42
1.42637e-42
1.20379e-42
1.00372e-42
8.25758e-43
6.69074e-43
5.32523e-43
4.14736e-43
3.14215e-43
2.29389e-43
1.58675e-43
1.00512e-43
5.34024e-44
1.59239e-44
-1.32476e-44
-3.53309e-44
-5.14343e-44
-6.25541e-44
-6.95767e-44
-7.32823e-44
-7.43509e-44
-7.33686e-44
-7.08357e-44
-6.71738e-44
-6.27343e-44
-5.78058e-44
-5.26219e-44
-4.73681e-44
-4.21884e-44
-3.71917e-44
-3.24569e-44
-2.80384e-44
-2.39701e-44
-2.02694e-44
-1.69408e-44
-1.39786e-44
-1.13695e-44
-9.09464e-45
-7.13144e-45
-5.45495e-45
-4.03902e-45
-2.85723e-45
-1.88364e-45
-1.09322e-45
-4.62366e-46
3.09522e-47
4.06961e-46
6.84027e-46
8.78638e-46
1.00544e-45
1.0773e-45
1.10542e-45
1.09945e-45
1.06758e-45
1.01675e-45
9.52696e-46
8.80149e-46
8.02924e-46
7.24052e-46
6.45888e-46
5.70213e-46
4.98322e-46
4.31111e-46
3.69145e-46
3.12724e-46
2.61941e-46
2.16723e-46
1.76876e-46
1.42119e-46
1.12109e-46
8.64658e-47
6.47907e-47
4.66803e-47
3.17375e-47
1.95808e-47
9.84935e-48
2.20754e-48
-3.65266e-48
-8.01057e-48
-1.11166e-47
-1.31927e-47
-1.44338e-47
-1.50093e-47
-1.50646e-47
-1.47235e-47
-1.40902e-47
-1.32511e-47
-1.22773e-47
-1.12259e-47
-1.01426e-47
-9.06257e-48
-8.01264e-48
-7.01233e-48
-6.0752e-48
-5.20991e-48
-4.4212e-48
-3.71073e-48
-3.07773e-48
-2.51963e-48
-2.0326e-48
-1.61187e-48
-1.25215e-48
-9.4787e-49
-6.93368e-49
-4.83089e-49
-3.11686e-49
-1.74107e-49
-6.5661e-50
1.79572e-50
8.06443e-50
1.25889e-49
1.56782e-49
1.7603e-49
1.85982e-49
1.88655e-49
1.85762e-49
1.78742e-49
1.68788e-49
1.5688e-49
1.43808e-49
1.30198e-49
1.16537e-49
1.03194e-49
9.04409e-50
7.84648e-50
6.73882e-50
5.72796e-50
4.81654e-50
4.00393e-50
3.28709e-50
2.6612e-50
2.12025e-50
1.65749e-50
1.26575e-50
9.37792e-51
6.6647e-51
4.44918e-51
2.6665e-51
1.25647e-51
1.63918e-52
-6.61039e-52
-1.26301e-51
-1.68144e-51
-1.95088e-51
-2.10122e-51
-2.15812e-51
-2.14332e-51
-2.0751e-51
-1.96857e-51
-1.83614e-51
-1.6878e-51
-1.53147e-51
-1.37334e-51
-1.21806e-51
-1.06909e-51
-9.28833e-52
-7.98859e-52
-6.80079e-52
-5.72873e-52
-4.77215e-52
-3.92779e-52
-3.19017e-52
-2.55232e-52
-2.00634e-52
-1.54385e-52
-1.15631e-52
-8.35311e-53
-5.72768e-53
-3.61046e-53
-1.93057e-53
-6.23189e-54
3.70295e-54
1.10221e-53
1.61878e-53
1.96041e-53
2.16207e-53
2.25369e-53
2.26062e-53
2.20414e-53
2.10185e-53
1.96815e-53
1.81466e-53
1.65059e-53
1.48311e-53
1.31767e-53
1.15827e-53
1.00774e-53
8.67955e-54
7.40004e-54
6.24386e-54
5.21134e-54
4.2993e-54
3.5021e-54
2.81236e-54
2.22164e-54
1.7209e-54
1.30097e-54
9.5275e-55
6.67517e-55
4.37025e-55
2.53626e-55
1.10325e-55
8.10271e-58
-8.05525e-56
-1.38733e-55
-1.7807e-55
-2.02313e-55
-2.1467e-55
-2.17853e-55
-2.14136e-55
-2.05399e-55
-1.93179e-55
-1.78715e-55
-1.6299e-55
-1.46769e-55
-1.30633e-55
-1.15012e-55
-1.0021e-55
-8.64312e-56
-7.37967e-56
-6.23651e-56
-5.2146e-56
-4.31126e-56
-3.52116e-56
-2.83718e-56
-2.25105e-56
-1.75389e-56
-1.33661e-56
-9.90245e-57
-7.06135e-57
-4.7612e-57
-2.92628e-57
-1.4874e-57
-3.82142e-58
4.45114e-58
1.0434e-57
1.45547e-57
1.71823e-57
1.8632e-57
1.91705e-57
1.90207e-57
1.83668e-57
1.73595e-57
1.61201e-57
1.47448e-57
1.33085e-57
1.18683e-57
1.04665e-57
9.13314e-58
7.88848e-58
6.74492e-58
5.70872e-58
4.78141e-58
3.96099e-58
3.24292e-58
2.62092e-58
2.0876e-58
1.63494e-58
1.25473e-58
9.38817e-59
6.7936e-59
4.68941e-59
3.00686e-59
1.68318e-59
6.61756e-60
-1.07804e-60
-6.69878e-60
-1.06313e-59
-1.32088e-59
-1.47159e-59
-1.53927e-59
-1.544e-59
-1.50237e-59
-1.42791e-59
-1.33153e-59
-1.22187e-59
-1.10568e-59
-9.88091e-60
-8.72922e-60
-7.62901e-60
-6.59881e-60
-5.65017e-60
-4.78916e-60
-4.01768e-60
-3.33448e-60
-2.73606e-60
-2.21738e-60
-1.77237e-60
-1.39442e-60
-1.07674e-60
-8.1254e-61
-5.95294e-61
-4.18831e-61
-2.77425e-61
-1.6585e-61
-7.93989e-62
-1.3882e-62
3.43858e-62
6.8612e-62
9.1559e-62
1.05582e-61
1.12668e-61
1.14476e-61
1.12376e-61
1.07485e-61
1.00702e-61
9.27415e-62
8.41589e-62
7.53793e-62
6.67189e-62
5.84048e-62
5.05925e-62
4.33805e-62
3.68225e-62
3.09383e-62
2.5722e-62
2.11493e-62
1.7183e-62
1.37779e-62
1.08842e-62
8.45014e-63
6.42413e-63
4.75634e-63
3.39965e-63
2.31035e-63
1.44856e-63
7.78335e-64
2.67743e-64
-1.11296e-64
-3.83197e-64
-5.68969e-64
-6.86505e-64
-7.50889e-64
-7.74702e-64
-7.68324e-64
-7.40217e-64
-6.97192e-64
-6.44653e-64
-5.86813e-64
-5.26897e-64
-4.67307e-64
-4.09778e-64
-3.55509e-64
-3.05266e-64
-2.59484e-64
-2.18342e-64
-1.81827e-64
-1.49788e-64
-1.21977e-64
-9.80859e-65
-7.77694e-65
-6.06679e-65
-4.64217e-65
-3.46822e-65
-2.51197e-65
-1.74281e-65
-1.1328e-65
-6.56805e-66
-2.92477e-66
-2.019e-67
1.77107e-66
3.14074e-66
4.03186e-66
4.54948e-66
4.78118e-66
4.79914e-66
4.66219e-66
4.41767e-66
4.10312e-66
3.74785e-66
3.3743e-66
2.99925e-66
2.63485e-66
2.28954e-66
1.96884e-66
1.67592e-66
1.41224e-66
1.1779e-66
9.72077e-67
7.93273e-67
6.3956e-67
5.0876e-67
3.98582e-67
3.06728e-67
2.30962e-67
1.69169e-67
1.19383e-67
7.98118e-68
4.88399e-68
2.5034e-68
7.1355e-69
-5.9481e-69
-1.51554e-68
-2.12843e-68
-2.50065e-68
-2.68812e-68
-2.73691e-68
-2.68455e-68
-2.56123e-68
-2.3909e-68
-2.19226e-68
-1.97965e-68
-1.76381e-68
-1.55256e-68
-1.35137e-68
-1.16382e-68
-9.92082e-69
-8.37176e-69
-6.99311e-69
-5.78085e-69
-4.72679e-69
-3.81996e-69
-3.04778e-69
-2.39689e-69
-1.85383e-69
-1.40547e-69
-1.03938e-69
-7.43977e-70
-5.08702e-70
-3.24049e-70
-1.81582e-70
-7.38948e-71
5.43347e-72
6.19165e-71
1.00238e-70
1.24336e-70
1.37489e-70
1.42396e-70
1.41252e-70
1.35826e-70
1.27519e-70
1.17427e-70
1.06389e-70
9.50369e-71
8.38322e-71
7.30987e-71
6.30527e-71
5.38258e-71
4.54853e-71
3.80503e-71
3.15044e-71
2.58072e-71
2.09018e-71
1.67218e-71
1.31959e-71
1.02518e-71
7.81913e-72
5.83058e-72
4.22376e-72
2.94161e-72
1.93283e-72
1.15183e-72
5.5869e-73
1.18755e-73
-1.97681e-73
-4.15843e-73
-5.56923e-73
-6.3855e-73
-6.75228e-73
-6.78759e-73
-6.58632e-73
-6.22377e-73
-5.7588e-73
-5.23664e-73
-4.69132e-73
-4.14776e-73
-3.62361e-73
-3.13076e-73
-2.67658e-73
-2.26504e-73
-1.8975e-73
-1.57347e-73
-1.29114e-73
-1.04784e-73
-8.40357e-74
-6.6522e-74
-5.18877e-74
-3.97848e-74
-2.98816e-74
-2.1869e-74
-1.54645e-74
-1.0414e-74
-6.49181e-75
-3.50028e-75
-1.26801e-75
3.51901e-76
1.48408e-75
2.23318e-75
2.68617e-75
2.91458e-75
2.9766e-75
2.91899e-75
2.77887e-75
2.58526e-75
2.36049e-75
2.12138e-75
1.88031e-75
1.64608e-75
1.42467e-75
1.21987e-75
1.03378e-75
8.67255e-76
7.20217e-76
5.91951e-76
4.81309e-76
3.8688e-76
3.07112e-76
2.4041e-76
1.85201e-76
1.39982e-76
1.03351e-76
7.4026e-77
5.08526e-77
3.2806e-77
1.89884e-77
8.62219e-78
1.04093e-78
-4.32026e-78
-7.93548e-78
-1.01985e-77
-1.1433e-77
-1.19022e-77
-1.18175e-77
-1.13468e-77
-1.06215e-77
-9.74255e-78
-8.78646e-78
-7.80948e-78
-6.85189e-78
-5.94128e-78
-5.09541e-78
-4.32445e-78
-3.63296e-78
-3.02135e-78
-2.48712e-78
-2.02582e-78
-1.63177e-78
-1.29865e-78
-1.01988e-78
-7.88958e-79
-5.99648e-79
-4.4612e-79
-3.23034e-79
-2.25582e-79
-1.49498e-79
-9.10407e-80
-4.69737e-80
-1.45242e-80
8.65724e-81
2.45411e-80
3.4763e-80
4.0667e-80
4.33452e-80
4.36753e-80
4.23538e-80
3.99259e-80
3.68117e-80
3.33293e-80
2.97135e-80
2.61333e-80
2.27055e-80
1.9506e-80
1.65797e-80
1.39484e-80
1.16166e-80
9.57689e-81
7.81357e-81
6.30592e-81
5.03034e-81
3.96208e-81
3.07648e-81
2.34981e-81
1.75987e-81
1.28626e-81
9.1064e-82
6.16696e-82
3.90146e-82
2.18629e-82
9.156e-83
-2.30488e-86
-6.36342e-83
-1.05508e-82
-1.30763e-82
-1.43558e-82
-1.47236e-82
-1.44448e-82
-1.37271e-82
-1.27306e-82
-1.15768e-82
-1.03557e-82
-9.13214e-83
-7.95141e-83
-6.84331e-83
-5.82588e-83
-4.90839e-83
-4.0936e-83
-3.37971e-83
-2.76179e-83
-2.23293e-83
-1.78508e-83
-1.40974e-83
-1.09832e-83
-8.42578e-84
-6.34741e-84
-4.67683e-84
-3.34974e-84
-2.30902e-84
-1.50465e-84
-8.93308e-85
-4.37949e-85
-1.07198e-85
1.25228e-85
2.81128e-85
3.78393e-85
4.31556e-85
4.52287e-85
4.49852e-85
4.31508e-85
4.02858e-85
3.68153e-85
3.30554e-85
2.92351e-85
2.55149e-85
2.20017e-85
1.87618e-85
1.58307e-85
1.32215e-85
1.09313e-85
8.94622e-86
7.24539e-86
5.8038e-86
4.59457e-86
3.59052e-86
2.76526e-86
2.09395e-86
1.55372e-86
1.12394e-86
7.86242e-87
5.24565e-87
3.24993e-87
1.75624e-87
6.63852e-88
-1.11578e-88
-6.39975e-88
-9.7871e-88
-1.17436e-87
-1.26435e-87
-1.27834e-87
-1.23963e-87
-1.16618e-87
-1.07166e-87
-9.66241e-88
-8.57334e-88
-7.50152e-88
-6.48213e-88
-5.53733e-88
-4.6795e-88
-3.91385e-88
-3.24046e-88
-2.6559e-88
-2.15444e-88
-1.72898e-88
-1.3718e-88
-1.07498e-88
-8.30814e-89
-6.32013e-89
-4.71855e-89
-3.44263e-89
-2.43833e-89
-1.65829e-89
-1.0615e-89
-6.12911e-90
-2.82853e-90
-4.64943e-91
1.16743e-90
2.23735e-90
2.88182e-90
3.2108e-90
3.31163e-90
3.25273e-90
3.08702e-90
2.85477e-90
2.58605e-90
2.3028e-90
2.02058e-90
1.74996e-90
1.49771e-90
1.26774e-90
1.06188e-90
8.80424e-91
7.22635e-91
5.87096e-91
4.71978e-91
3.75245e-91
2.94792e-91
2.28557e-91
1.74579e-91
1.31049e-91
9.63252e-92
6.89491e-92
4.76406e-92
3.12917e-92
1.89551e-92
9.8293e-93
3.24373e-93
-1.35715e-93
-4.42881e-93
-6.34082e-93
-7.38988e-93
-7.81151e-93
-7.7904e-93
-7.46943e-93
-6.95747e-93
-6.33598e-93
-5.66459e-93
-4.98578e-93
-4.32868e-93
-3.71221e-93
-3.14764e-93
-2.64053e-93
-2.19244e-93
-1.80205e-93
-1.46623e-93
-1.18067e-93
-9.40482e-94
-7.40547e-94
-5.75806e-94
-4.41435e-94
-3.32963e-94
-2.46333e-94
-1.77931e-94
-1.24585e-94
-8.35503e-95
-5.24782e-95
-2.93829e-95
-1.2603e-95
-7.62824e-97
7.26534e-96
1.23962e-95
1.5364e-95
1.67516e-95
1.70162e-95
1.65117e-95
1.5508e-95
1.42076e-95
1.2759e-95
1.12687e-95
9.81e-96
8.43135e-96
7.16215e-96
6.01787e-96
5.00392e-96
4.11872e-96
3.35601e-96
2.70664e-96
2.15987e-96
1.70432e-96
1.32864e-96
1.02195e-96
7.7414e-97
5.76004e-97
4.1934e-97
2.96941e-97
2.02568e-97
1.30883e-97
7.73717e-98
3.82597e-98
1.04213e-98
-8.70441e-99
-2.11945e-98
-2.87158e-98
-3.25916e-98
-3.38602e-98
-3.33256e-98
-3.16019e-98
-2.91503e-98
-2.63104e-98
-2.33261e-98
-2.03672e-98
-1.75466e-98
-1.49345e-98
-1.25695e-98
-1.04674e-98
-8.62795e-99
-7.04019e-99
-5.6865e-99
-4.5454e-99
-3.59377e-99
-2.80829e-99
-2.16651e-99
-1.64745e-99
-1.232e-99
-9.03079e-100
-6.45677e-100
-4.46787e-100
-2.95282e-100
-1.81752e-100
-9.83293e-101
-3.84999e-101
3.07133e-102
3.07106e-101
4.78896e-101
5.73641e-101
6.12969e-101
6.1364e-101
5.88465e-101
5.47081e-101
4.96601e-101
4.42157e-101
3.87342e-101
3.3457e-101
2.85368e-101
2.40607e-101
2.00682e-101
1.65654e-101
1.3536e-101
1.09492e-101
8.76606e-102
6.9435e-102
5.43779e-102
4.20647e-102
3.20969e-102
2.41107e-102
1.77801e-102
1.28185e-102
8.97723e-103
6.04359e-103
3.83767e-103
2.20903e-103
1.03317e-103
2.08138e-104
-3.4874e-104
-7.03786e-104
-9.09649e-104
-1.00766e-103
-1.02985e-103
-1.00075e-103
-9.38826e-104
-8.57734e-104
-7.6737e-104
-6.747e-104
-5.84448e-104
-4.99646e-104
-4.22079e-104
-3.5262e-104
-2.91504e-104
-2.38532e-104
-1.93223e-104
-1.54933e-104
-1.22932e-104
-9.6469e-105
-7.48094e-105
-5.72599e-105
-4.31853e-105
-3.20157e-105
-2.32492e-105
-1.645e-105
-1.12451e-105
-7.31915e-106
-4.40828e-106
-2.29423e-106
-7.98246e-107
2.24545e-107
8.90385e-107
1.29155e-106
1.50047e-106
1.57334e-106
1.5532e-106
1.4725e-106
1.35531e-106
1.21911e-106
1.07627e-106
9.35246e-107
8.01554e-107
6.78508e-107
5.67836e-107
4.70141e-107
3.85258e-107
3.1252e-107
2.50958e-107
1.99448e-107
1.56809e-107
1.21878e-107
9.35494e-108
7.08086e-108
5.27419e-108
3.85434e-108
2.7513e-108
1.90511e-108
1.26503e-108
7.88645e-109
4.40847e-109
1.92893e-109
2.14911e-110
-9.20455e-110
-1.62551e-109
-2.01672e-109
-2.18448e-109
-2.19805e-109
-2.10976e-109
-1.95847e-109
-1.77251e-109
-1.572e-109
-1.37082e-109
-1.1781e-109
-9.99469e-110
-8.37997e-110
-6.94939e-110
-5.70303e-110
-4.6328e-110
-3.72556e-110
-2.96547e-110
-2.33562e-110
-1.81913e-110
-1.39989e-110
-1.06302e-110
-7.95118e-111
-5.84314e-111
-4.20297e-111
-2.94225e-111
-1.98618e-111
-1.27217e-111
-7.48449e-112
-3.72622e-112
-1.10338e-112
6.59587e-113
1.78141e-112
2.43389e-112
2.75038e-112
2.83315e-112
2.75953e-112
2.5871e-112
2.35791e-112
2.10198e-112
1.84014e-112
1.58624e-112
1.34899e-112
1.1333e-112
9.41429e-113
7.73756e-113
6.29447e-113
5.06899e-113
4.04085e-113
3.18789e-113
2.48775e-113
1.91891e-113
1.46142e-113
1.09722e-113
8.1031e-114
5.8676e-114
4.14621e-114
2.83774e-114
1.85753e-114
1.13554e-114
6.14427e-115
2.4772e-115
-1.85349e-117
-1.6388e-115
-2.616e-115
-3.13062e-115
-3.32114e-115
-3.29241e-115
-3.12259e-115
-2.86895e-115
-2.57251e-115
-2.26191e-115
-1.95637e-115
-1.66817e-115
-1.40447e-115
-1.1688e-115
-9.62144e-116
-7.83834e-116
-6.32118e-116
-5.04637e-116
-3.98746e-116
-3.11735e-116
-2.40975e-116
-1.84013e-116
-1.38622e-116
-1.02824e-116
-7.48945e-117
-5.33527e-117
-3.69434e-117
-2.46164e-117
-1.55027e-117
-8.89077e-118
-4.20399e-118
-9.79967e-119
1.14839e-118
2.46947e-118
3.20729e-118
3.53386e-118
3.57953e-118
3.44163e-118
3.19162e-118
2.8809e-118
2.54552e-118
2.20991e-118
1.88986e-118
1.59484e-118
1.32979e-118
1.09649e-118
8.94614e-119
7.22477e-119
5.77595e-119
4.57087e-119
3.57954e-119
2.77256e-119
2.12232e-119
1.60368e-119
1.19422e-119
8.74357e-120
6.27272e-120
4.38692e-120
2.96667e-120
1.9131e-120
1.14522e-120
5.97426e-121
2.17096e-121
-3.75467e-122
-1.99326e-121
-2.93748e-121
-3.40406e-121
-3.54162e-121
-3.46129e-121
-3.24485e-121
-2.9513e-121
-2.62222e-121
-2.28601e-121
-1.96125e-121
-1.65931e-121
-1.38643e-121
-1.1452e-121
-9.35811e-122
-7.56833e-122
-6.05914e-122
-4.80202e-122
-3.76662e-122
-2.92289e-122
-2.2424e-122
-1.6991e-122
-1.26973e-122
-9.33932e-123
-6.74163e-123
-4.75547e-123
-3.2562e-123
-2.14061e-123
-1.32419e-123
-7.38466e-124
-3.28507e-124
-5.07046e-125
1.29205e-124
2.37857e-124
2.95723e-124
3.18342e-124
3.1735e-124
3.01326e-124
2.76478e-124
2.47202e-124
2.16517e-124
1.86422e-124
1.58165e-124
1.32453e-124
1.09613e-124
8.97166e-125
7.26648e-125
5.82569e-125
4.62362e-125
3.63228e-125
2.82356e-125
2.17066e-125
1.64889e-125
1.23613e-125
9.12949e-126
6.62613e-126
4.70894e-126
3.25868e-126
2.17659e-126
1.38177e-126
8.08665e-127
4.04692e-127
1.28101e-127
-5.39179e-128
-1.66875e-127
-2.30385e-127
-2.5935e-127
-2.64942e-127
-2.55412e-127
-2.36749e-127
-2.13207e-127
-1.87729e-127
-1.62281e-127
-1.3811e-127
-1.15943e-127
-9.6144e-128
-7.88275e-128
-6.39428e-128
-5.13374e-128
-4.08021e-128
-3.21014e-128
-2.49952e-128
-1.92523e-128
-1.46583e-128
-1.10206e-128
-8.16925e-129
-5.95785e-129
-4.26168e-129
-2.97613e-129
-2.01453e-129
-1.30588e-129
-7.9261e-130
-4.28553e-130
-1.77047e-130
-9.27885e-132
9.71615e-131
1.59512e-130
1.90879e-130
2.01098e-130
1.97445e-130
1.85215e-130
1.68182e-130
1.48972e-130
1.29354e-130
1.10464e-130
9.29849e-131
7.72752e-131
6.34731e-131
5.15697e-131
4.14638e-131
3.30011e-131
2.60014e-131
2.02774e-131
1.56464e-131
1.19382e-131
8.99897e-132
6.6928e-132
4.90207e-132
3.5266e-132
2.48227e-132
1.69933e-132
1.12061e-132
6.99767e-133
3.99616e-133
1.90633e-133
4.96066e-134
-4.15168e-134
-9.6632e-134
-1.26309e-133
-1.38489e-133
-1.39055e-133
-1.32298e-133
-1.21287e-133
-1.08168e-133
-9.43957e-134
-8.09189e-134
-6.83172e-134
-5.69102e-134
-4.68371e-134
-3.81174e-134
-3.06938e-134
-2.44639e-134
-1.93024e-134
-1.50757e-134
-1.16523e-134
-8.90823e-135
-6.73106e-135
-5.02107e-135
-3.69177e-135
-2.66938e-135
-1.89185e-135
-1.30772e-135
-8.74779e-136
-5.58813e-136
-3.32356e-136
-1.73598e-136
-6.53917e-137
5.60364e-138
4.96593e-137
7.45935e-137
8.62855e-137
8.90972e-137
8.62159e-137
7.99287e-137
7.18417e-137
6.30518e-137
5.42807e-137
4.59782e-137
3.84008e-137
3.16708e-137
2.58205e-137
2.08243e-137
1.66216e-137
1.31331e-137
1.02723e-137
7.95236e-138
6.09079e-138
4.61232e-138
3.44994e-138
2.54535e-138
1.84874e-138
1.31816e-138
9.18797e-139
6.22076e-139
4.04819e-139
2.48427e-139
1.38123e-139
6.22895e-140
1.18847e-140
-2.0055e-140
-3.88328e-140
-4.84402e-140
-5.18426e-140
-5.12104e-140
-4.81058e-140
-4.363e-140
-3.85398e-140
-3.33377e-140
-2.83417e-140
-2.37386e-140
-1.96232e-140
-1.60289e-140
-1.29486e-140
-1.03506e-140
-8.18984e-141
-6.41499e-141
-4.97378e-141
-3.81604e-141
-2.89561e-141
-2.17123e-141
-1.60692e-141
-1.17183e-141
-8.39977e-142
-5.89752e-142
-4.03422e-142
-2.66593e-142
-1.67711e-142
-9.75947e-143
-4.90249e-143
-1.63812e-143
4.66581e-144
1.74154e-143
2.43527e-143
2.73259e-143
2.76903e-143
2.64237e-143
2.42179e-143
2.15509e-143
1.87429e-143
1.59991e-143
1.34429e-143
1.11403e-143
9.11839e-144
7.37888e-144
5.90748e-144
4.68094e-144
3.67169e-144
2.851e-144
2.19094e-144
1.66563e-144
1.25179e-144
9.29059e-145
6.79951e-145
4.89696e-145
3.46008e-145
2.38792e-145
1.5985e-145
1.026e-145
6.1811e-146
3.33685e-146
1.40685e-146
1.4421e-147
-6.393e-147
-1.08556e-146
-1.30019e-146
-1.36079e-146
-1.32345e-146
-1.228e-146
-1.10209e-146
-9.64382e-147
-8.26969e-147
-6.97274e-147
-5.79428e-147
-4.7532e-147
-3.85356e-147
-3.0901e-147
-2.4521e-147
-1.92612e-147
-1.49775e-147
-1.15278e-147
-8.77933e-148
-6.61187e-148
-4.91985e-148
-3.61238e-148
-2.61257e-148
-1.85633e-148
-1.29098e-148
-8.73714e-149
-5.7015e-149
-3.5295e-149
-2.00605e-149
-9.63665e-150
-2.73218e-150
1.63769e-150
4.21577e-150
5.55566e-150
6.06454e-150
6.03746e-150
5.68451e-150
5.1522e-150
4.54002e-150
3.91318e-150
3.31233e-150
2.76086e-150
2.27029e-150
1.84425e-150
1.48138e-150
1.1773e-150
9.26085e-151
7.21143e-151
5.55878e-151
4.24049e-151
3.19979e-151
2.38655e-151
1.75746e-151
1.27583e-151
9.11019e-152
6.37822e-152
4.35743e-152
2.88306e-152
1.82413e-152
1.07754e-152
5.62968e-153
2.18493e-153
-3.13802e-155
-1.3759e-153
-2.11467e-153
-2.44361e-153
-2.50498e-153
-2.40033e-153
-2.20079e-153
-1.9549e-153
-1.69482e-153
-1.44085e-153
-1.20499e-153
-9.93502e-154
-8.08799e-154
-6.50832e-154
-5.18056e-154
-4.08101e-154
-3.18236e-154
-2.45662e-154
-1.87699e-154
-1.41891e-154
-1.06058e-154
-7.83098e-155
-5.70414e-155
-4.09106e-155
-2.88112e-155
-1.98435e-155
-1.32837e-155
-8.55616e-156
-5.2076e-156
-2.88489e-156
-1.31565e-156
-2.91935e-157
3.43273e-157
7.07208e-157
8.8631e-157
9.43448e-157
9.23622e-157
8.5845e-157
7.69644e-157
6.7168e-157
5.73831e-157
4.81689e-157
3.98303e-157
3.25011e-157
2.62039e-157
2.08926e-157
1.64828e-157
1.28714e-157
9.95024e-158
7.61406e-158
5.76567e-158
4.31823e-158
3.19622e-158
2.33527e-158
1.68147e-158
1.19034e-158
8.25651e-159
5.58258e-159
3.64956e-159
2.27473e-159
1.3157e-159
6.62572e-160
2.31442e-160
-4.10898e-161
-2.02394e-160
-2.8744e-160
-3.21697e-160
-3.23441e-160
-3.05553e-160
-2.7692e-160
-2.43511e-160
-2.0919e-160
-1.76332e-160
-1.46276e-160
-1.19664e-160
-9.66795e-161
-7.7219e-161
-6.10148e-161
-4.7715e-161
-3.6938e-161
-2.8307e-161
-2.14698e-161
-1.61099e-161
-1.19507e-161
-8.75581e-162
-6.32673e-162
-4.49948e-162
-3.14036e-162
-2.14168e-162
-1.41771e-162
-9.00888e-163
-5.38562e-163
-2.90078e-163
-1.24384e-163
-1.80032e-164
4.66152e-164
8.24415e-164
9.89368e-164
1.02903e-163
9.91498e-164
9.10086e-164
8.07311e-164
6.97894e-164
5.91024e-164
4.92036e-164
4.03648e-164
3.26852e-164
2.61551e-164
2.07001e-164
1.62118e-164
1.25679e-164
9.64503e-165
7.32668e-165
5.50719e-165
4.09381e-165
3.00695e-165
2.17967e-165
1.55653e-165
1.09231e-165
7.50524e-166
5.02126e-166
3.24215e-166
1.98929e-166
1.12478e-166
5.43217e-167
1.64907e-167
-6.97927e-168
-2.04991e-167
-2.72907e-167
-2.96749e-167
-2.9297e-167
-2.73012e-167
-2.44651e-167
-2.13015e-167
-1.81346e-167
-1.51575e-167
-1.24731e-167
-1.01249e-167
-8.11838e-168
-6.4362e-168
-5.04835e-168
-3.91922e-168
-3.012e-168
-2.29142e-168
-1.72521e-168
-1.28491e-168
-9.45964e-169
-6.87684e-169
-4.92897e-169
-3.4757e-169
-2.40379e-169
-1.62297e-169
-1.06204e-169
-6.65449e-170
-3.90297e-170
-2.03781e-170
-8.10831e-171
-3.6213e-172
4.23595e-171
6.69189e-171
7.73155e-171
7.87073e-171
7.46944e-171
6.77358e-171
5.94648e-171
5.09269e-171
4.27562e-171
3.53044e-171
2.87352e-171
2.30909e-171
1.83398e-171
1.4408e-171
1.12018e-171
8.62093e-172
6.56795e-172
4.95279e-172
3.69536e-172
2.72637e-172
1.98717e-172
1.42903e-172
1.01204e-172
7.03955e-173
4.79061e-173
3.17061e-173
2.02114e-173
1.21978e-173
6.72909e-174
3.09667e-174
7.69609e-175
-6.45413e-175
-1.43636e-174
-1.81134e-174
-1.91858e-174
-1.86184e-174
-1.71232e-174
-1.51765e-174
-1.3086e-174
-1.10417e-174
-9.152e-175
-7.47116e-175
-6.01791e-175
-4.78904e-175
-3.76865e-175
-2.9344e-175
-2.26153e-175
-1.72542e-175
-1.30307e-175
-9.73885e-176
-7.19932e-176
-5.25996e-176
-3.79394e-176
-2.69722e-176
-1.88568e-176
-1.29213e-176
-8.63514e-177
-5.58411e-177
-3.44788e-177
-1.98144e-177
-9.99202e-178
-3.62078e-178
3.30573e-179
2.61784e-178
3.78801e-178
4.23146e-178
4.22228e-178
3.94928e-178
3.5395e-178
3.07581e-178
2.61003e-178
2.17256e-178
1.77937e-178
1.43698e-178
1.14596e-178
9.03401e-179
7.04518e-179
5.43752e-179
4.15436e-179
3.14205e-179
2.35204e-179
1.74192e-179
1.27548e-179
9.22492e-180
6.58097e-180
4.62167e-180
3.18611e-180
2.14714e-180
1.4054e-180
8.84063e-181
5.24305e-181
2.81567e-181
1.22432e-181
2.21077e-182
-3.75947e-182
-6.98558e-182
-8.40992e-182
-8.69593e-182
-8.30228e-182
-7.53919e-182
-6.61065e-182
-5.64579e-182
-4.72199e-182
-3.88151e-182
-3.14356e-182
-2.51267e-182
-1.98459e-182
-1.55022e-182
-1.19825e-182
-9.16776e-183
-6.94371e-183
-5.20581e-183
-3.86207e-183
-2.83367e-183
-2.05454e-183
-1.47027e-183
-1.0367e-183
-7.18504e-184
-4.87741e-184
-3.22561e-184
-2.06059e-184
-1.2529e-184
-7.04429e-185
-3.41542e-185
-1.09585e-185
3.15735e-186
1.11053e-185
1.49706e-185
1.62248e-185
1.58887e-185
1.4656e-185
1.2986e-185
1.11725e-185
9.39484e-186
7.75406e-186
6.29964e-186
5.04796e-186
3.99521e-186
3.12619e-186
2.4201e-186
1.85427e-186
1.40641e-186
1.05597e-186
7.84678e-187
5.76822e-187
4.19175e-187
3.00818e-187
2.12876e-187
1.48237e-187
1.0127e-187
6.75706e-188
4.37281e-188
2.71299e-188
1.57944e-188
8.23451e-189
3.34513e-189
3.14391e-190
-1.4475e-189
-2.36355e-189
-2.7329e-189
-2.76369e-189
-2.59796e-189
-2.33035e-189
-2.02198e-189
-1.71068e-189
-1.41835e-189
-1.15634e-189
-9.29128e-190
-7.3699e-190
-5.77751e-190
-4.47977e-190
-3.43739e-190
-2.61085e-190
-1.96311e-190
-1.46104e-190
-1.07592e-190
-7.83509e-191
-5.63728e-191
-4.00225e-191
-2.79873e-191
-1.92274e-191
-1.29282e-191
-8.45894e-192
-5.33601e-192
-3.19254e-192
-1.75298e-192
-8.1251e-193
-2.20519e-193
1.32517e-193
3.25261e-193
4.13451e-193
4.35973e-193
4.19465e-193
3.81775e-193
3.34526e-193
2.85001e-193
2.37514e-193
1.94391e-193
1.56667e-193
1.24569e-193
9.78479e-194
7.5998e-194
5.84025e-194
4.44223e-194
3.34487e-194
2.49313e-194
1.83902e-194
1.34183e-194
9.67709e-195
6.89057e-195
4.8367e-195
3.33935e-195
2.26046e-195
1.49302e-195
9.54979e-196
5.84029e-196
3.33363e-196
1.68169e-196
6.2826e-197
-1.31342e-198
-3.76594e-197
-5.5731e-197
-6.21855e-197
-6.15994e-197
-5.7054e-197
-5.05705e-197
-4.34297e-197
-3.64039e-197
-2.99241e-197
-2.41977e-197
-1.9291e-197
-1.51854e-197
-1.18157e-197
-9.09434e-198
-6.92739e-198
-5.22347e-198
-3.89902e-198
-2.88062e-198
-2.10564e-198
-1.52185e-198
-1.08653e-198
-7.65258e-199
-5.30683e-199
-3.61352e-199
-2.40623e-199
-1.55726e-199
-9.69592e-200
-5.70325e-200
-3.05192e-200
-1.34233e-200
-2.83402e-201
3.34468e-201
6.60292e-201
7.98523e-201
8.21187e-201
7.76997e-201
6.98109e-201
6.05099e-201
5.10569e-201
4.21744e-201
3.42307e-201
2.73688e-201
2.15943e-201
1.68348e-201
1.29789e-201
9.90113e-202
7.47633e-202
5.58859e-202
4.13516e-202
3.02783e-202
2.19276e-202
1.56935e-202
1.1087e-202
7.71883e-203
5.28334e-203
3.54319e-203
2.31615e-203
1.46375e-203
8.81821e-204
4.9281e-204
2.39569e-204
8.04339e-205
-1.46273e-205
-6.69989e-205
-9.17002e-205
-9.91179e-205
-9.6304e-205
-8.79409e-205
-7.70499e-205
-6.55061e-205
-5.4409e-205
-4.43444e-205
-3.5569e-205
-2.81358e-205
-2.19801e-205
-1.69756e-205
-1.297e-205
-9.80771e-206
-7.34166e-206
-5.44028e-206
-3.98989e-206
-2.89488e-206
-2.0765e-206
-1.47106e-206
-1.02779e-206
-7.06754e-207
-4.76926e-207
-3.14466e-207
-2.01242e-207
-1.23612e-207
-7.14129e-208
-3.71494e-208
-1.53539e-208
-2.08096e-209
5.48248e-209
9.31586e-209
1.07916e-208
1.08448e-208
1.00996e-208
8.96161e-209
7.68561e-209
6.42371e-209
5.25988e-209
4.23403e-209
3.35856e-209
2.62967e-209
2.03474e-209
1.55715e-209
1.17922e-209
8.83962e-210
6.55969e-210
4.8183e-210
3.50205e-210
2.51722e-210
1.7878e-210
1.25307e-210
8.65223e-211
5.87067e-211
3.89999e-211
2.52256e-211
1.57452e-211
9.3372e-212
5.10054e-212
2.37721e-212
6.9199e-213
-2.94355e-213
-8.20951e-213
-1.05397e-212
-1.107e-212
-1.05621e-212
-9.51433e-213
-8.24258e-213
-6.93866e-213
-5.71142e-213
-4.61577e-213
-3.67266e-213
-2.88266e-213
-2.23499e-213
-1.71333e-213
-1.29947e-213
-9.75491e-214
-7.24915e-214
-5.33264e-214
-3.88229e-214
-2.79589e-214
-1.99032e-214
-1.39905e-214
-9.69591e-215
-6.61078e-215
-4.4205e-215
-2.88554e-215
-1.82542e-215
-1.10556e-215
-6.26592e-216
-3.15918e-216
-1.2106e-216
-4.51191e-218
6.02043e-217
9.15279e-217
1.02101e-216
1.00433e-216
9.21269e-217
8.0764e-217
6.85486e-217
5.67608e-217
4.60762e-217
3.6787e-217
2.89517e-217
2.24958e-217
1.72766e-217
1.31242e-217
9.86648e-218
7.34239e-218
5.40905e-218
3.9441e-218
2.8455e-218
2.02996e-218
1.43066e-218
9.94799e-219
6.81197e-219
4.58133e-219
3.01432e-219
1.9287e-219
1.18848e-219
6.93206e-220
3.69422e-220
1.63997e-220
3.89143e-221
-3.27027e-221
-6.96064e-221
-8.46877e-221
-8.66561e-221
-8.12743e-221
-7.22563e-221
-6.19138e-221
-5.16152e-221
-4.21091e-221
-3.37474e-221
-2.66382e-221
-2.07472e-221
-1.59648e-221
-1.21481e-221
-9.14633e-222
-6.81612e-222
-5.02849e-222
-3.67214e-222
-2.65377e-222
-1.89692e-222
-1.34011e-222
-9.34635e-223
-6.42473e-223
-4.34293e-223
-2.87727e-223
-1.85902e-223
-1.16216e-223
-6.93577e-224
-3.85135e-224
-1.87505e-224
-6.53577e-225
6.31389e-226
4.49899e-225
6.27152e-225
6.76546e-225
6.52357e-225
5.89802e-225
5.11022e-225
4.29339e-225
3.5225e-225
2.83502e-225
2.24513e-225
1.75315e-225
1.35189e-225
1.03051e-225
7.7709e-226
5.79945e-226
4.28449e-226
3.13339e-226
2.26805e-226
1.6242e-226
1.14997e-226
8.04216e-227
5.5474e-227
3.76687e-227
2.51079e-227
1.63591e-227
1.03518e-227
6.29452e-228
3.60766e-228
1.87133e-228
7.84539e-229
1.33968e-229
-2.2973e-229
-4.09688e-229
-4.76027e-229
-4.75556e-229
-4.38827e-229
-3.85221e-229
-3.26558e-229
-2.69649e-229
-2.18058e-229
-1.73314e-229
-1.35721e-229
-1.04896e-229
-8.0112e-230
-6.05098e-230
-4.52256e-230
-3.34587e-230
-2.45044e-230
-1.77643e-230
-1.27434e-230
-9.04102e-231
-6.33844e-231
-4.38588e-231
-2.99019e-231
-2.00378e-231
-1.31512e-231
-8.40855e-232
-5.19267e-232
-3.05162e-232
-1.65768e-232
-7.75743e-233
-2.38973e-233
6.95864e-234
2.30866e-233
3.0004e-233
3.14078e-233
2.97239e-233
2.6503e-233
2.27023e-233
1.8884e-233
1.53533e-233
1.22524e-233
9.62493e-234
7.45752e-234
5.70715e-234
4.31817e-234
3.23239e-234
2.3948e-234
1.75638e-234
1.27516e-234
9.16241e-235
6.51274e-235
4.57634e-235
3.17557e-235
2.17287e-235
1.46299e-235
9.66347e-236
6.23382e-236
3.90003e-236
2.33887e-236
1.31583e-236
6.62505e-237
2.59305e-237
2.22576e-238
-1.06842e-237
-1.67774e-237
-1.87281e-237
-1.82997e-237
-1.66271e-237
