3.72008e-44
4.22925e-44
4.75929e-44
5.29971e-44
5.83653e-44
6.35165e-44
6.82218e-44
7.2197e-44
7.50955e-44
7.64997e-44
7.59133e-44
7.2753e-44
6.63409e-44
5.5897e-44
4.05337e-44
1.92507e-44
-9.06737e-45
-4.56499e-44
-9.18369e-44
-1.49069e-43
-2.18875e-43
-3.02847e-43
-4.02613e-43
-5.19794e-43
-6.55957e-43
-8.12544e-43
-9.90792e-43
-1.19164e-42
-1.41559e-42
-1.66261e-42
-1.93192e-42
-2.22183e-42
-2.5295e-42
-2.85073e-42
-3.17963e-42
-3.50834e-42
-3.82671e-42
-4.12187e-42
-4.37788e-42
-4.57531e-42
-4.6908e-42
-4.6966e-42
-4.56015e-42
-4.2437e-42
-3.70385e-42
-2.89131e-42
-1.75062e-42
-2.20048e-43
1.76835e-42
4.28851e-42
7.41985e-42
1.12465e-41
1.5856e-41
2.13378e-41
2.77812e-41
3.52723e-41
4.38906e-41
5.3705e-41
6.47682e-41
7.71108e-41
9.07337e-41
1.056e-40
1.21624e-40
1.38661e-40
1.56495e-40
1.74823e-40
1.93239e-40
2.11218e-40
2.28098e-40
2.43057e-40
2.55095e-40
2.63011e-40
2.65382e-40
2.6054e-40
2.46553e-40
2.21205e-40
1.81986e-40
1.26072e-40
5.03288e-41
-4.86894e-41
-1.74726e-40
-3.31795e-40
-5.24143e-40
-7.56188e-40
-1.03244e-39
-1.35739e-39
-1.73538e-39
-2.17044e-39
-2.66606e-39
-3.22495e-39
-3.84875e-39
-4.53767e-39
-5.29006e-39
-6.10198e-39
-6.96665e-39
-7.87381e-39
-8.80912e-39
-9.75337e-39
-1.06817e-38
-1.15626e-38
-1.23573e-38
-1.30185e-38
-1.34896e-38
-1.37034e-38
-1.35815e-38
-1.30333e-38
-1.19549e-38
-1.02288e-38
-7.72314e-39
-4.29192e-39
2.25233e-40
6.00217e-39
1.32251e-38
2.20906e-38
3.2803e-38
4.55708e-38
6.06013e-38
7.80954e-38
9.82391e-38
1.21195e-37
1.4709e-37
1.76003e-37
2.07951e-37
2.42867e-37
2.80583e-37
3.20806e-37
3.63091e-37
4.06813e-37
4.51134e-37
4.94971e-37
5.36958e-37
5.75405e-37
6.0826e-37
6.33068e-37
6.46926e-37
6.46447e-37
6.27723e-37
5.86287e-37
5.17093e-37
4.14494e-37
2.72239e-37
8.34838e-38
-1.59181e-37
-4.63677e-37
-8.38356e-37
-1.29188e-36
-1.83309e-36
-2.47076e-36
-3.21339e-36
-4.06886e-36
-5.04408e-36
-6.14451e-36
-7.37363e-36
-8.73231e-36
-1.02181e-35
-1.18245e-35
-1.35397e-35
-1.5346e-35
-1.72184e-35
-1.91233e-35
-2.10175e-35
-2.28462e-35
-2.45421e-35
-2.60232e-35
-2.71919e-35
-2.79329e-35
-2.8112e-35
-2.75744e-35
-2.61437e-35
-2.36211e-35
-1.97844e-35
-1.43883e-35
-7.16468e-36
2.1763e-36
1.39438e-35
2.84631e-35
4.60715e-35
6.71119e-35
9.19253e-35
1.20841e-34
1.54166e-34
1.92167e-34
2.3506e-34
2.82982e-34
3.35975e-34
3.93955e-34
4.56686e-34
5.23739e-34
5.94462e-34
6.67935e-34
7.42923e-34
8.17833e-34
8.90656e-34
9.58919e-34
1.01963e-33
1.06921e-33
1.10346e-33
1.11749e-33
1.10568e-33
1.06163e-33
9.78152e-34
8.47225e-34
6.60008e-34
4.06861e-34
7.73879e-35
-3.39482e-34
-8.55378e-34
-1.48233e-33
-2.23256e-33
-3.11819e-33
-4.15094e-33
-5.34169e-33
-6.69999e-33
-8.2335e-33
-9.94726e-33
-1.18429e-32
-1.39179e-32
-1.61642e-32
-1.85676e-32
-2.11058e-32
-2.37478e-32
-2.64519e-32
-2.91641e-32
-3.18167e-32
-3.43263e-32
-3.65923e-32
-3.84946e-32
-3.98925e-32
-4.06225e-32
-4.04971e-32
-3.93036e-32
-3.68029e-32
-3.27293e-32
-2.67905e-32
-1.86684e-32
-8.02087e-33
5.5159e-33
2.23232e-32
4.27947e-32
6.73294e-32
9.63231e-32
1.30157e-31
1.69187e-31
2.13722e-31
2.64013e-31
3.20228e-31
3.82425e-31
4.50528e-31
5.24294e-31
6.03277e-31
6.86789e-31
7.73862e-31
8.63198e-31
9.53123e-31
1.04153e-30
1.12585e-30
1.20297e-30
1.26918e-30
1.32015e-30
1.35087e-30
1.3556e-30
1.32782e-30
1.26027e-30
1.14484e-30
9.7268e-31
7.34149e-31
4.1891e-31
1.6e-32
-4.8605e-31
-1.09905e-30
-1.83497e-30
-2.70562e-30
-3.72241e-30
-4.89591e-30
-6.23539e-30
-7.74833e-30
-9.43976e-30
-1.13115e-29
-1.33616e-29
-1.55831e-29
-1.79633e-29
-2.04824e-29
-2.31128e-29
-2.58173e-29
-2.85481e-29
-3.12454e-29
-3.38356e-29
-3.62306e-29
-3.83255e-29
-3.99979e-29
-4.11065e-29
-4.14897e-29
-4.0965e-29
-3.93285e-29
-3.63546e-29
-3.17961e-29
-2.53854e-29
-1.68359e-29
-5.84449e-30
7.90541e-30
2.4739e-29
4.49847e-29
6.89669e-29
9.69973e-29
1.29365e-28
1.66323e-28
2.08075e-28
2.5476e-28
3.06431e-28
3.63036e-28
4.24394e-28
4.90169e-28
5.59843e-28
6.32686e-28
7.0772e-28
7.83691e-28
8.5903e-28
9.31819e-28
9.99753e-28
1.06011e-27
1.10971e-27
1.14489e-27
1.16149e-27
1.1548e-27
1.11957e-27
1.05004e-27
9.39872e-28
7.8225e-28
5.69881e-28
2.95071e-28
-5.01898e-29
-4.74115e-28
-9.84978e-28
-1.59093e-27
-2.29979e-27
-3.11879e-27
-4.05426e-27
-5.1113e-27
-6.29336e-27
-7.60181e-27
-9.0354e-27
-1.05898e-26
-1.22568e-26
-1.40238e-26
-1.58731e-26
-1.77812e-26
-1.97177e-26
-2.16449e-26
-2.35166e-26
-2.52777e-26
-2.68631e-26
-2.8197e-26
-2.91924e-26
-2.97503e-26
-2.97596e-26
-2.90966e-26
-2.76253e-26
-2.51973e-26
-2.1653e-26
-1.6822e-26
-1.05254e-26
-2.57695e-27
7.21346e-27
1.9037e-26
3.30815e-26
4.95267e-26
6.85383e-26
9.02613e-26
1.14812e-25
1.42269e-25
1.72664e-25
2.0597e-25
2.42087e-25
2.80835e-25
3.21931e-25
3.6498e-25
4.09458e-25
4.54692e-25
4.99846e-25
5.43903e-25
5.85648e-25
6.23652e-25
6.56255e-25
6.81557e-25
6.97403e-25
7.01378e-25
6.90805e-25
6.62742e-25
6.13998e-25
5.41139e-25
4.40519e-25
3.0831e-25
1.4055e-25
-6.68028e-26
-3.17798e-25
-6.16405e-25
-9.66408e-25
-1.37129e-24
-1.83409e-24
-2.35722e-24
-2.94234e-24
-3.59009e-24
-4.29989e-24
-5.06971e-24
-5.89579e-24
-6.77232e-24
-7.69121e-24
-8.6417e-24
-9.61009e-24
-1.05794e-23
-1.15289e-23
-1.24341e-23
-1.32661e-23
-1.39916e-23
-1.45724e-23
-1.49655e-23
-1.51226e-23
-1.49905e-23
-1.4511e-23
-1.36208e-23
-1.22523e-23
-1.03338e-23
-7.79024e-24
-4.54417e-24
-5.16837e-25
4.37044e-24
1.01945e-23
1.70285e-23
2.49394e-23
3.39854e-23
4.42128e-23
5.56527e-23
6.83171e-23
8.21947e-23
9.72465e-23
1.13401e-22
1.30547e-22
1.48534e-22
1.67157e-22
1.8616e-22
2.05225e-22
2.23967e-22
2.41929e-22
2.58576e-22
2.73293e-22
2.85375e-22
2.94032e-22
2.98382e-22
2.97452e-22
2.9018e-22
2.7542e-22
2.51948e-22
2.18469e-22
1.73634e-22
1.16053e-22
4.43196e-23
-4.29689e-23
-1.47178e-22
-2.696e-22
-4.11416e-22
-5.73646e-22
-7.571e-22
-9.62314e-22
-1.18949e-21
-1.43841e-21
-1.70839e-21
-1.99817e-21
-2.30583e-21
-2.6287e-21
-2.96329e-21
-3.30515e-21
-3.64881e-21
-3.98768e-21
-4.31395e-21
-4.61852e-21
-4.89092e-21
-5.11925e-21
-5.29017e-21
-5.38884e-21
-5.39895e-21
-5.30275e-21
-5.08114e-21
-4.71377e-21
-4.17922e-21
-3.45521e-21
-2.51889e-21
-1.34717e-21
8.28549e-23
1.79341e-21
3.80546e-21
6.13807e-21
8.80762e-21
1.1827e-20
1.52047e-20
1.89436e-20
2.30401e-20
2.74829e-20
3.22515e-20
3.7315e-20
4.26309e-20
4.81432e-20
5.37816e-20
5.94596e-20
6.50732e-20
7.05e-20
7.55973e-20
8.02021e-20
8.41293e-20
8.71721e-20
8.91013e-20
8.96657e-20
8.85931e-20
8.55911e-20
8.03495e-20
7.25427e-20
6.18333e-20
4.78764e-20
3.03246e-20
8.83482e-21
-1.69247e-20
-4.72655e-20
-8.24695e-20
-1.22777e-19
-1.68377e-19
-2.19389e-19
-2.75852e-19
-3.37708e-19
-4.04784e-19
-4.76775e-19
-5.53223e-19
-6.335e-19
-7.16787e-19
-8.02058e-19
-8.88054e-19
-9.7327e-19
-1.05594e-18
-1.13401e-18
-1.20515e-18
-1.26671e-18
-1.31574e-18
-1.34901e-18
-1.36295e-18
-1.35373e-18
-1.31724e-18
-1.24915e-18
-1.1449e-18
-9.99818e-19
-8.09117e-19
-5.68008e-19
-2.71777e-19
8.4117e-20
5.03915e-19
9.91433e-19
1.54991e-18
2.18183e-18
2.88878e-18
3.6712e-18
4.52821e-18
5.45739e-18
6.45452e-18
7.51336e-18
8.62539e-18
9.77958e-18
1.09621e-17
1.21562e-17
1.33418e-17
1.44955e-17
1.55901e-17
1.65949e-17
1.74753e-17
1.81928e-17
1.87048e-17
1.89655e-17
1.89251e-17
1.85307e-17
1.77265e-17
1.64543e-17
1.46545e-17
1.22661e-17
9.22876e-18
5.4829e-18
9.7165e-19
-4.35793e-18
-1.05531e-17
-1.76538e-17
-2.56901e-17
-3.46806e-17
-4.46298e-17
-5.55254e-17
-6.7336e-17
-8.00078e-17
-9.34625e-17
-1.07594e-16
-1.22265e-16
-1.37304e-16
-1.52507e-16
-1.67627e-16
-1.82379e-16
-1.96433e-16
-2.09417e-16
-2.20914e-16
-2.30462e-16
-2.37552e-16
-2.41636e-16
-2.42124e-16
-2.38389e-16
-2.29773e-16
-2.15594e-16
-1.9515e-16
-1.67736e-16
-1.32646e-16
-8.91953e-17
-3.67287e-17
2.53586e-17
9.76033e-17
1.80453e-16
2.74242e-16
3.79169e-16
4.95268e-16
6.22383e-16
7.60136e-16
9.07899e-16
1.06476e-15
1.22951e-15
1.40057e-15
1.57601e-15
1.75349e-15
1.93027e-15
2.10313e-15
2.2684e-15
2.42195e-15
2.55915e-15
2.6749e-15
2.76362e-15
2.81931e-15
2.83551e-15
2.80544e-15
2.72196e-15
2.5777e-15
2.36516e-15
2.07676e-15
1.70501e-15
1.24265e-15
6.82772e-16
1.90499e-17
-7.54093e-16
-1.64125e-15
-2.6458e-15
-3.76966e-15
-5.013e-15
-6.37395e-15
-7.84835e-15
-9.42943e-15
-1.11075e-14
-1.28696e-14
-1.46993e-14
-1.65765e-14
-1.84768e-14
-2.03717e-14
-2.22283e-14
-2.40089e-14
-2.56712e-14
-2.71682e-14
-2.84481e-14
-2.94548e-14
-3.01277e-14
-3.04024e-14
-3.02109e-14
-2.94824e-14
-2.81441e-14
-2.61219e-14
-2.33416e-14
-1.97299e-14
-1.52164e-14
-9.7344e-15
-3.22319e-15
4.37021e-15
1.30889e-14
2.2964e-14
3.40119e-14
4.62322e-14
5.96048e-14
7.40872e-14
8.96119e-14
1.06084e-13
1.23377e-13
1.41333e-13
1.59757e-13
1.78418e-13
1.97045e-13
2.15324e-13
2.32902e-13
2.49382e-13
2.64323e-13
2.77245e-13
2.87626e-13
2.94907e-13
2.98496e-13
2.9777e-13
2.92083e-13
2.80774e-13
2.63173e-13
2.38611e-13
2.06435e-13
1.66014e-13
1.1676e-13
5.81391e-14
-1.03082e-14
-8.89519e-14
-1.78051e-13
-2.77732e-13
-3.87972e-13
-5.08568e-13
-6.39123e-13
-7.7902e-13
-9.27395e-13
-1.08312e-12
-1.2448e-12
-1.41069e-12
-1.57878e-12
-1.74669e-12
-1.9117e-12
-2.07074e-12
-2.22038e-12
-2.35686e-12
-2.47605e-12
-2.57352e-12
-2.64452e-12
-2.68405e-12
-2.68687e-12
-2.64758e-12
-2.56067e-12
-2.42056e-12
-2.22176e-12
-1.95887e-12
-1.62678e-12
-1.22069e-12
-7.36333e-13
-1.70041e-13
4.81073e-13
1.21897e-12
2.04451e-12
2.9573e-12
3.95552e-12
5.03572e-12
6.19268e-12
7.41925e-12
8.70614e-12
1.00418e-11
1.14123e-11
1.28012e-11
1.41895e-11
1.55553e-11
1.68743e-11
1.81193e-11
1.92605e-11
2.02656e-11
2.10999e-11
2.17264e-11
2.21063e-11
2.21993e-11
2.19637e-11
2.13574e-11
2.0338e-11
1.88638e-11
1.68943e-11
1.4391e-11
1.13186e-11
7.6455e-12
3.34508e-12
-1.6032e-12
-7.21274e-12
-1.34886e-11
-2.04263e-11
-2.80104e-11
-3.62138e-11
-4.49958e-11
-5.43016e-11
-6.40609e-11
-7.41868e-11
-8.45751e-11
-9.51037e-11
-1.05632e-10
-1.15999e-10
-1.26028e-10
-1.3552e-10
-1.44259e-10
-1.52012e-10
-1.58529e-10
-1.63547e-10
-1.66789e-10
-1.67968e-10
-1.66792e-10
-1.62963e-10
-1.56187e-10
-1.46174e-10
-1.32643e-10
-1.15332e-10
-9.39987e-11
-6.84318e-11
-3.84548e-11
-3.93415e-12
3.52125e-11
7.90092e-11
1.27413e-10
1.80307e-10
2.37492e-10
2.98678e-10
3.63479e-10
4.31403e-10
5.0185e-10
5.74105e-10
6.47332e-10
7.20575e-10
7.92755e-10
8.62669e-10
9.28995e-10
9.90296e-10
1.04502e-09
1.09153e-09
1.12809e-09
1.15288e-09
1.16404e-09
1.15968e-09
1.13789e-09
1.09677e-09
1.03448e-09
9.49238e-10
8.39398e-10
7.03458e-10
5.40111e-10
3.48289e-10
1.27207e-10
-1.23588e-10
-4.04174e-10
-7.14203e-10
-1.05285e-09
-1.41878e-09
-1.81009e-09
-2.22427e-09
-2.65817e-09
-3.10797e-09
-3.56915e-09
-4.03647e-09
-4.50394e-09
-4.96488e-09
-5.41186e-09
-5.83673e-09
-6.23071e-09
-6.58437e-09
-6.88773e-09
-7.13032e-09
-7.3013e-09
-7.38952e-09
-7.3837e-09
-7.27255e-09
-7.04495e-09
-6.69008e-09
-6.19769e-09
-5.55826e-09
-4.76322e-09
-3.80522e-09
-2.67839e-09
-1.37852e-09
9.65958e-11
1.74693e-09
3.56998e-09
5.56045e-09
7.7101e-09
1.00074e-08
1.24374e-08
1.49816e-08
1.76175e-08
2.03189e-08
2.30555e-08
2.57932e-08
2.84935e-08
3.11143e-08
3.36097e-08
3.59302e-08
3.80231e-08
3.98329e-08
4.13015e-08
4.23691e-08
4.29746e-08
4.30566e-08
4.25536e-08
4.14058e-08
3.95552e-08
3.69472e-08
3.35317e-08
2.9264e-08
2.41064e-08
1.80292e-08
1.10124e-08
3.04643e-09
-5.86575e-09
-1.57079e-08
-2.64491e-08
-3.80425e-08
-5.0424e-08
-6.35119e-08
-7.72051e-08
-9.13835e-08
-1.05907e-07
-1.20614e-07
-1.35325e-07
-1.49838e-07
-1.63934e-07
-1.77373e-07
-1.89902e-07
-2.01248e-07
-2.11127e-07
-2.19244e-07
-2.25298e-07
-2.28979e-07
-2.2998e-07
-2.27996e-07
-2.2273e-07
-2.13897e-07
-2.01232e-07
-1.84493e-07
-1.63466e-07
-1.37974e-07
-1.07883e-07
-7.31049e-08
-3.3607e-08
1.05829e-08
5.93704e-08
1.12589e-07
1.69994e-07
2.3126e-07
2.95972e-07
3.63629e-07
4.33635e-07
5.053e-07
5.77841e-07
6.50382e-07
7.21953e-07
7.91501e-07
8.57886e-07
9.19897e-07
9.76255e-07
1.02562e-06
1.06663e-06
1.09786e-06
1.11789e-06
1.12531e-06
1.11873e-06
1.09679e-06
1.05823e-06
1.00184e-06
9.26561e-07
8.31466e-07
7.15796e-07
5.78991e-07
4.20716e-07
2.40885e-07
3.96917e-08
-1.82369e-07
-4.24476e-07
-6.85463e-07
-9.63795e-07
-1.25756e-06
-1.56445e-06
-1.88175e-06
-2.20637e-06
-2.53477e-06
-2.86306e-06
-3.18693e-06
-3.50175e-06
-3.80253e-06
-4.08398e-06
-4.34055e-06
-4.56648e-06
-4.75587e-06
-4.90269e-06
-5.00094e-06
-5.04462e-06
-5.0279e-06
-4.94518e-06
-4.79118e-06
-4.56103e-06
-4.25042e-06
-3.85564e-06
-3.37375e-06
-2.80266e-06
-2.14123e-06
-1.38938e-06
-5.48222e-07
3.79898e-07
1.39128e-06
2.48079e-06
3.64182e-06
4.86622e-06
6.14425e-06
7.46461e-06
8.81437e-06
1.0179e-05
1.15426e-05
1.28876e-05
1.41953e-05
1.54454e-05
1.66169e-05
1.76876e-05
1.86348e-05
1.94351e-05
2.0065e-05
2.0501e-05
2.07201e-05
2.06996e-05
2.04184e-05
1.98563e-05
1.89953e-05
1.78192e-05
1.63148e-05
1.44715e-05
1.22824e-05
9.74405e-06
6.85745e-06
3.62791e-06
6.56378e-08
-3.81409e-06
-7.99063e-06
-1.24378e-05
-1.71236e-05
-2.20104e-05
-2.70546e-05
-3.22071e-05
-3.74128e-05
-4.26116e-05
-4.77381e-05
-5.27221e-05
-5.74893e-05
-6.19619e-05
-6.6059e-05
-6.96975e-05
-7.27932e-05
-7.52614e-05
-7.70182e-05
-7.79814e-05
-7.8072e-05
-7.72152e-05
-7.53417e-05
-7.23892e-05
-6.83036e-05
-6.30405e-05
-5.65665e-05
-4.88604e-05
-3.99148e-05
-2.97367e-05
-1.83495e-05
-5.79306e-06
7.87461e-06
2.25772e-05
3.82193e-05
5.46861e-05
7.18433e-05
8.95372e-05
0.000107595
0.000125826
0.000144021
0.000161955
0.000179389
0.00019607
0.000211734
0.000226111
0.000238922
0.000249887
0.000258728
0.000265168
0.00026894
0.000269788
0.000267472
0.000261774
0.000252496
0.000239473
0.00022257
0.000201692
0.00017678
0.000147827
0.000114867
7.79918e-05
3.73441e-05
-6.87538e-06
-5.44074e-05
-0.000104933
-0.000158073
-0.000213387
-0.000270376
-0.000328485
-0.0003871
-0.000445559
-0.000503151
-0.000559123
-0.000612686
-0.000663022
-0.000709292
-0.000750645
-0.000786227
-0.000815189
-0.000836703
-0.00084997
-0.00085423
-0.00084878
-0.000832981
-0.000806272
-0.000768185
-0.000718351
-0.000656519
-0.000582564
-0.000496495
-0.000398468
-0.000288792
-0.000167938
-3.65428e-05
0.000104586
0.000254468
0.000411952
0.000575716
0.000744269
0.000915964
0.001089
0.00126144
0.00143122
0.00159617
0.00175402
0.00190244
0.00203905
0.00216145
0.00226725
0.00235408
0.00241967
0.00246182
0.00247846
0.00246769
0.00242783
0.00235741
0.00225521
0.00212032
0.00195218
0.00175054
0.00151555
0.00124776
0.000948149
0.000618116
0.000259518
-0.000125338
-0.000533689
-0.000962321
-0.00140758
-0.00186537
-0.00233123
-0.00280028
-0.00326731
-0.00372682
-0.00417305
-0.00460003
-0.00500163
-0.00537168
-0.00570395
-0.00599229
-0.00623068
-0.00641333
-0.0065347
-0.00658967
-0.00657357
-0.00648225
-0.0063122
-0.00606062
-0.00572548
-0.00530557
-0.00480064
-0.00421136
-0.00353945
-0.00278765
-0.00195982
-0.0010609
-9.69515e-05
0.000924879
0.00199635
0.00310818
0.00425008
0.00541083
0.00657835
0.00773981
0.00888168
0.00998993
0.0110501
0.0120475
0.0129673
0.0137947
0.0145152
0.0151147
0.0155796
0.0158974
0.0160562
0.0160455
0.0158561
0.0154803
0.0149122
0.0141478
0.0131848
0.0120235
0.0106662
0.00911764
0.00738487
0.00547754
0.00340774
0.00119004
-0.00115853
-0.00361859
-0.00616846
-0.00878435
-0.0114405
-0.0141093
-0.0167616
-0.019367
-0.0218942
-0.0243108
-0.0265844
-0.0286825
-0.0305728
-0.0322238
-0.0336052
-0.0346882
-0.0354459
-0.0358538
-0.03589
-0.0355359
-0.0347763
-0.0335998
-0.031999
-0.0299712
-0.0275182
-0.0246466
-0.0213681
-0.0176995
-0.0136628
-0.00928512
-0.00459857
0.000359632
0.00554757
0.0109188
0.0164227
0.0220048
0.0276073
0.0331696
0.0386286
0.0439198
0.0489774
0.0537352
0.0581277
0.0620904
0.0655606
0.0684783
0.0707873
0.0724355
0.0733758
0.073567
0.0729744
0.0715707
0.0693361
0.0662594
0.0623381
0.057579
0.0519987
0.0456231
0.0384884
0.0306406
0.0221353
0.0130378
0.00342271
-0.00662678
-0.0170192
-0.0276556
-0.0384305
-0.0492323
-0.059945
-0.0704489
-0.0806218
-0.0903402
-0.099481
-0.107923
-0.115546
-0.122237
-0.127888
-0.132396
-0.135671
-0.137628
-0.138197
-0.137319
-0.13495
-0.131059
-0.125631
-0.118668
-0.110188
-0.100228
-0.0888387
-0.0760925
-0.0620771
-0.0468975
-0.0306751
-0.0135471
0.00433451
0.0228044
0.041685
0.0607879
0.0799162
0.0988655
0.117427
0.135388
0.152536
0.16866
0.183553
0.197014
0.208853
0.218889
0.226955
0.2329
0.236594
0.237922
0.236796
0.233148
0.226937
0.218149
0.206796
0.192919
0.176588
0.1579
0.136983
0.11399
0.0891028
0.0625296
0.0345019
0.00527417
-0.0248787
-0.0556638
-0.0867729
-0.117885
-0.148671
-0.178795
-0.207918
-0.235704
-0.26182
-0.285943
-0.307764
-0.326986
-0.343336
-0.356562
-0.36644
-0.372776
-0.375408
-0.37421
-0.369094
-0.360011
-0.346954
-0.329959
-0.309104
-0.28451
-0.256343
-0.224809
-0.190158
-0.152676
-0.112689
-0.070558
-0.0266729
0.018546
0.0646551
0.111191
0.157673
0.203614
0.248517
0.291887
0.333234
0.372079
0.407957
0.440428
0.469074
0.493513
0.513398
0.528421
0.538323
0.542891
0.541966
0.535444
0.523278
0.505481
0.482124
0.45334
0.419323
0.380326
0.336658
0.288686
0.236829
0.181554
0.123375
0.062844
0.000549843
-0.0628899
-0.126834
-0.190625
-0.253596
-0.315075
-0.374396
-0.430905
-0.483965
-0.532965
-0.577329
-0.616518
-0.650041
-0.677457
-0.698384
-0.712504
-0.719562
-0.719378
-0.711844
-0.696926
-0.674672
-0.645205
-0.608725
-0.565512
-0.51592
-0.460373
-0.399366
-0.333458
-0.263267
-0.189464
-0.112766
-0.0339318
0.0462495
0.126964
0.207382
0.286668
0.363986
0.438514
0.509447
0.576011
0.637467
0.693124
0.742343
0.784545
0.819221
0.845933
0.864326
0.874125
0.875144
0.86729
0.850558
0.825039
0.790916
0.748464
0.69805
0.640124
0.575222
0.503955
0.427007
0.345127
0.259121
0.169846
0.0781963
-0.0148989
-0.108491
-0.201619
-0.29332
-0.382641
-0.468647
-0.550431
-0.627127
-0.697917
-0.762037
-0.818793
-0.867562
-0.907803
-0.939058
-0.960966
-0.973259
-0.975768
-0.968427
-0.951273
-0.924445
-0.888183
-0.842827
-0.788815
-0.726674
-0.657019
-0.580546
-0.498021
-0.41028
-0.31821
-0.222749
-0.12487
-0.0255754
0.0741189
0.17319
0.270619
0.365407
0.456577
0.543192
0.624361
0.699251
0.767092
0.827189
0.878929
0.921783
0.955318
0.979198
0.993187
0.997153
0.991069
0.975012
0.949162
0.913805
0.86932
0.816184
0.754961
0.686301
0.610926
0.529628
0.443258
0.352718
0.258949
0.162923
0.0656317
-0.0319227
-0.12874
-0.223833
-0.316236
-0.405013
-0.489275
-0.568182
-0.640952
-0.706875
-0.765313
-0.81571
-0.857599
-0.890602
-0.914436
-0.928917
-0.933958
-0.929571
-0.915867
-0.893051
-0.861425
-0.821376
-0.77338
-0.717989
-0.65583
-0.587593
-0.514027
-0.435931
-0.354143
-0.269532
-0.182989
-0.0954183
-0.00772465
0.0791934
0.164454
0.247202
0.326615
0.401916
0.472376
0.537327
0.596163
0.648349
0.693426
0.731012
0.76081
0.782604
0.796266
0.801755
0.799114
0.788469
0.770031
0.744086
0.710998
0.671196
0.625179
0.573499
0.516762
0.455619
0.390756
0.322889
0.252757
0.181109
0.108702
0.036286
-0.0353959
-0.105622
-0.173694
-0.23895
-0.300766
-0.358563
-0.411814
-0.460047
-0.502849
-0.539874
-0.570837
-0.595523
-0.613788
-0.625554
-0.630814
-0.629629
-0.622123
-0.608489
-0.588975
-0.56389
-0.533592
-0.49849
-0.459033
-0.415708
-0.369033
-0.319552
-0.267825
-0.214427
-0.15994
-0.104942
-0.0500095
0.00429682
0.0574324
0.108877
0.158137
0.204753
0.248304
0.288408
0.324728
0.356973
0.384901
0.40832
0.427091
0.441125
0.450385
0.454884
0.454684
0.449897
0.440679
0.427227
0.40978
0.388612
0.36403
0.336369
0.305988
0.273265
0.238595
0.202382
0.165038
0.126975
0.0886024
0.0503233
0.0125291
-0.024404
-0.0601182
-0.0942778
-0.126572
-0.156718
-0.184463
-0.209585
-0.231897
-0.251245
-0.26751
-0.280611
-0.290501
-0.297165
-0.300627
-0.300942
-0.298194
-0.292501
-0.284005
-0.272876
-0.259304
-0.243502
-0.225697
-0.206133
-0.185065
-0.162755
-0.139471
-0.115482
-0.0910586
-0.066466
-0.0419636
-0.0178018
0.00578007
0.0285564
0.050317
0.070869
0.0900381
0.10767
0.123632
0.137813
0.150124
0.160499
0.168893
0.175285
0.179675
0.182085
0.182556
0.181149
0.177941
0.173028
0.166518
0.158534
0.149209
0.138688
0.127121
0.114665
0.101481
0.0877304
0.0735774
0.0591832
0.044706
0.0302994
0.0161105
0.00227914
-0.011064
-0.023798
-0.0358129
-0.0470101
-0.0573037
-0.0666203
-0.0748995
-0.0820942
-0.0881708
-0.0931084
-0.0968991
-0.0995476
-0.10107
-0.101495
-0.10086
-0.0992139
-0.096613
-0.0931224
-0.0888138
-0.0837648
-0.0780578
-0.0717789
-0.0650167
-0.0578617
-0.0504045
-0.0427356
-0.0349439
-0.0271161
-0.0193356
-0.011682
-0.00423006
0.00295044
0.00979565
0.016248
0.0222563
0.0277766
0.0327717
0.0372117
0.0410738
0.0443425
0.0470092
0.049072
0.0505357
0.0514111
0.051715
0.0514694
0.0507013
0.0494421
0.0477269
0.0455944
0.0430857
0.0402443
0.0371154
0.0337448
0.0301793
0.0264655
0.0226492
0.0187757
0.0148883
0.0110288
0.00723672
0.00354891
-5.22955e-07
-0.0033806
-0.00656359
-0.00952521
-0.0122447
-0.0147048
-0.0168919
-0.0187962
-0.020411
-0.0217334
-0.0227636
-0.0235049
-0.0239636
-0.0241489
-0.0240722
-0.0237473
-0.0231902
-0.0224182
-0.0214503
-0.0203068
-0.0190085
-0.0175772
-0.0160349
-0.0144035
-0.0127051
-0.0109612
-0.00919265
-0.00741964
-0.0056613
-0.00393562
-0.00225931
-0.0006477
0.000885402
0.00232775
0.00366871
0.00489933
0.00601229
0.00700197
0.00786436
0.00859706
0.00919919
0.00967134
0.0100155
0.0102349
0.010334
0.0103183
0.0101943
0.00996921
0.00965105
0.00924839
0.00877023
0.00822592
0.007625
0.0069771
0.00629182
0.00557866
0.00484686
0.00410537
0.00336273
0.002627
0.00190574
0.00120589
0.000533778
-0.000104936
-0.000705282
-0.001263
-0.00177453
-0.00223703
-0.00264838
-0.00300711
-0.00331243
-0.00356418
-0.00376281
-0.0039093
-0.00400518
-0.00405241
-0.00405339
-0.00401088
-0.00392796
-0.00380797
-0.00365444
-0.00347109
-0.00326171
-0.00303017
-0.00278036
-0.00251609
-0.00224116
-0.0019592
-0.00167372
-0.00138806
-0.00110535
-0.000828494
-0.000560142
-0.000302696
-5.82882e-05
0.000171231
0.000384289
0.000579595
0.000756138
0.000913176
0.00105023
0.00116708
0.00126374
0.00134043
0.00139762
0.00143592
0.00145614
0.00145924
0.00144629
0.00141848
0.00137708
0.00132346
0.00125899
0.00118511
0.00110325
0.00101484
0.000921296
0.000823988
0.000724243
0.000623325
0.000522429
0.000422669
0.000325071
0.000230571
0.000140003
5.41056e-05
-2.64883e-05
-0.000101247
-0.000169739
-0.000231635
-0.000286701
-0.000334795
-0.000375865
-0.000409939
-0.000437124
-0.000457596
-0.000471595
-0.000479418
-0.00048141
-0.000477958
-0.000469483
-0.000456433
-0.000439279
-0.000418502
-0.000394591
-0.000368037
-0.000339326
-0.000308932
-0.000277317
-0.000244922
-0.000212167
-0.000179445
-0.00014712
-0.000115526
-8.49643e-05
-5.57038e-05
-2.7978e-05
-1.98633e-06
2.2106e-05
4.41674e-05
6.40991e-05
8.18336e-05
9.73337e-05
0.00011059
0.00012162
0.000130465
0.000137187
0.00014187
0.000144614
0.000145533
0.000144754
0.000142414
0.000138658
0.000133634
0.000127497
0.000120401
0.0001125
0.000103944
9.48806e-05
8.54522e-05
7.5794e-05
6.60335e-05
5.62896e-05
4.6672e-05
3.72805e-05
2.82046e-05
1.95231e-05
1.13044e-05
3.60612e-06
-3.52466e-06
-1.0051e-05
-1.59458e-05
-2.11915e-05
-2.57793e-05
-2.97088e-05
-3.29871e-05
-3.56286e-05
-3.76535e-05
-3.9088e-05
-3.99627e-05
-4.03124e-05
-4.01754e-05
-3.95924e-05
-3.8606e-05
-3.72602e-05
-3.55996e-05
-3.36688e-05
-3.15121e-05
-2.91728e-05
-2.66928e-05
-2.41121e-05
-2.14689e-05
-1.87988e-05
-1.6135e-05
-1.35077e-05
-1.09444e-05
-8.46944e-06
-6.10416e-06
-3.8669e-06
-1.77296e-06
1.65303e-07
1.93839e-06
3.53952e-06
4.96451e-06
6.21157e-06
7.28118e-06
8.17586e-06
8.89996e-06
9.45949e-06
9.86189e-06
1.01158e-05
1.0231e-05
1.02178e-05
1.00875e-05
9.85157e-06
9.52187e-06
9.11032e-06
8.62879e-06
8.08896e-06
7.50221e-06
6.87949e-06
6.23123e-06
5.56728e-06
4.8968e-06
4.22825e-06
3.56933e-06
2.92696e-06
2.30725e-06
1.71551e-06
1.15627e-06
6.33247e-07
1.49425e-07
-2.92954e-07
-6.92339e-07
-1.04783e-06
-1.35912e-06
-1.62647e-06
-1.85064e-06
-2.03284e-06
-2.17468e-06
-2.27809e-06
-2.3453e-06
-2.37879e-06
-2.38121e-06
-2.35532e-06
-2.30402e-06
-2.23022e-06
-2.13684e-06
-2.02678e-06
-1.90289e-06
-1.7679e-06
-1.62444e-06
-1.47501e-06
-1.32194e-06
-1.1674e-06
-1.01338e-06
-8.61667e-07
-7.13872e-07
-5.71405e-07
-4.35478e-07
-3.07117e-07
-1.87157e-07
-7.6257e-08
2.50973e-08
1.1658e-07
1.98017e-07
2.69371e-07
3.30731e-07
3.823e-07
4.24381e-07
4.57364e-07
4.81714e-07
4.97955e-07
5.06663e-07
5.08451e-07
5.03958e-07
4.93838e-07
4.78755e-07
4.59366e-07
4.36322e-07
4.10255e-07
3.81772e-07
3.51455e-07
3.19849e-07
2.87465e-07
2.54773e-07
2.22201e-07
1.90135e-07
1.58919e-07
1.28849e-07
1.00182e-07
7.313e-08
4.78667e-08
2.45251e-08
3.20207e-09
-1.60401e-08
-3.31709e-08
-4.8189e-08
-6.11194e-08
-7.20105e-08
-8.09311e-08
-8.79677e-08
-9.32217e-08
-9.68066e-08
-9.88451e-08
-9.94673e-08
-9.88077e-08
-9.70033e-08
-9.41919e-08
-9.05097e-08
-8.60906e-08
-8.10636e-08
-7.55529e-08
-6.96759e-08
-6.35427e-08
-5.72557e-08
-5.09086e-08
-4.45865e-08
-3.83656e-08
-3.23128e-08
-2.64864e-08
-2.09357e-08
-1.57015e-08
-1.08165e-08
-6.30565e-09
-2.18665e-09
1.52962e-09
4.83844e-09
7.74074e-09
1.02425e-08
1.2354e-08
1.40896e-08
1.54668e-08
1.65059e-08
1.72292e-08
1.76607e-08
1.78259e-08
1.77506e-08
1.74612e-08
1.69839e-08
1.63447e-08
1.55687e-08
1.46804e-08
1.37029e-08
1.2658e-08
1.15662e-08
1.04463e-08
9.31552e-09
8.18933e-09
7.08156e-09
6.00429e-09
4.96793e-09
3.98126e-09
3.05148e-09
2.18426e-09
1.3839e-09
6.53358e-10
-5.62925e-12
-5.92422e-10
-1.10738e-09
-1.55175e-09
-1.92756e-09
-2.23748e-09
-2.48476e-09
-2.67311e-09
-2.80656e-09
-2.88945e-09
-2.92628e-09
-2.92165e-09
-2.8802e-09
-2.80653e-09
-2.70517e-09
-2.58048e-09
-2.43668e-09
-2.27773e-09
-2.10738e-09
-1.92909e-09
-1.74607e-09
-1.56121e-09
-1.37711e-09
-1.19606e-09
-1.02008e-09
-8.50869e-10
-6.8987e-10
-5.38246e-10
-3.96908e-10
-2.66533e-10
-1.47576e-10
-4.02904e-11
5.52499e-11
1.39135e-10
2.11597e-10
2.72992e-10
3.23782e-10
3.64515e-10
3.95809e-10
4.18338e-10
4.32812e-10
4.39967e-10
4.40553e-10
4.35319e-10
4.25006e-10
4.10337e-10
3.92008e-10
3.70686e-10
3.46999e-10
3.21533e-10
2.94833e-10
2.67395e-10
2.39667e-10
2.12049e-10
1.84895e-10
1.58509e-10
1.33151e-10
1.09036e-10
8.63388e-11
6.51927e-11
4.56961e-11
2.79132e-11
1.1878e-11
-2.40291e-12
-1.49474e-11
-2.57943e-11
-3.50008e-11
-4.26393e-11
-4.87945e-11
-5.35614e-11
-5.7042e-11
-5.93436e-11
-6.05768e-11
-6.08531e-11
-6.02839e-11
-5.89784e-11
-5.7043e-11
-5.45795e-11
-5.1685e-11
-4.84505e-11
-4.49607e-11
-4.12937e-11
-3.75204e-11
-3.37047e-11
-2.99034e-11
-2.61659e-11
-2.25352e-11
-1.90474e-11
-1.57321e-11
-1.26133e-11
-9.70913e-12
-7.03268e-12
-4.59232e-12
-2.39217e-12
-4.32552e-13
1.28953e-12
2.77997e-12
4.04711e-12
5.10131e-12
5.9546e-12
6.62026e-12
7.11253e-12
7.44625e-12
7.63662e-12
7.69893e-12
7.64831e-12
7.49961e-12
7.26714e-12
6.9646e-12
6.60497e-12
6.20036e-12
5.76201e-12
5.30021e-12
4.8243e-12
4.34262e-12
3.86256e-12
3.39054e-12
2.93208e-12
2.49179e-12
2.07348e-12
1.68013e-12
1.31402e-12
9.76756e-13
6.69342e-13
3.92231e-13
1.45396e-13
-7.16086e-14
-2.59589e-13
-4.19654e-13
-5.53165e-13
-6.61677e-13
-7.469e-13
-8.10649e-13
-8.5481e-13
-8.813e-13
-8.92038e-13
-8.88918e-13
-8.73783e-13
-8.48409e-13
-8.14487e-13
-7.73607e-13
-7.27253e-13
-6.76793e-13
-6.23477e-13
-5.68429e-13
-5.12654e-13
-4.57035e-13
-4.02338e-13
-3.49215e-13
-2.98211e-13
-2.49769e-13
-2.04236e-13
-1.61875e-13
-1.22867e-13
-8.73209e-14
-5.52835e-14
-2.67443e-14
-1.64447e-15
2.01164e-14
3.86731e-14
5.41884e-14
6.68473e-14
7.68508e-14
8.44116e-14
8.97489e-14
9.30847e-14
9.46403e-14
9.46328e-14
9.32728e-14
9.07623e-14
8.72927e-14
8.30435e-14
7.81814e-14
7.28594e-14
6.72166e-14
6.13781e-14
5.54546e-14
4.95434e-14
4.37283e-14
3.80803e-14
3.26585e-14
2.75103e-14
2.26732e-14
1.81746e-14
1.40335e-14
1.0261e-14
6.86137e-15
3.8327e-15
1.16805e-15
-1.14395e-15
-3.11823e-15
-4.77267e-15
-6.12733e-15
-7.20394e-15
-8.0253e-15
-8.61481e-15
-8.99607e-15
-9.19245e-15
-9.22682e-15
-9.12127e-15
-8.89688e-15
-8.57356e-15
-8.1699e-15
-7.70312e-15
-7.18893e-15
-6.64159e-15
-6.07382e-15
-5.4969e-15
-4.92063e-15
-4.35347e-15
-3.80252e-15
-3.27366e-15
-2.7716e-15
-2.30002e-15
-1.86158e-15
-1.45811e-15
-1.09065e-15
-7.59539e-16
-4.64542e-16
-2.0491e-16
2.05253e-17
2.13282e-16
3.7515e-16
5.0813e-16
6.14368e-16
6.96108e-16
7.55643e-16
7.95269e-16
8.17256e-16
8.23815e-16
8.1707e-16
7.99043e-16
7.71635e-16
7.36616e-16
6.95615e-16
6.5012e-16
6.01468e-16
5.50853e-16
4.99327e-16
4.47802e-16
3.97058e-16
3.47751e-16
3.00419e-16
2.55493e-16
2.13302e-16
1.74089e-16
1.38012e-16
1.05162e-16
7.55657e-17
4.91952e-17
2.59786e-17
5.80586e-18
-1.14636e-17
-2.59943e-17
-3.79684e-17
-4.75807e-17
-5.50337e-17
-6.05331e-17
-6.42843e-17
-6.64895e-17
-6.73445e-17
-6.70372e-17
-6.57456e-17
-6.36363e-17
-6.08641e-17
-5.75708e-17
-5.38852e-17
-4.99231e-17
-4.57873e-17
-4.15679e-17
-3.73428e-17
-3.31785e-17
-2.91304e-17
-2.52439e-17
-2.15551e-17
-1.80916e-17
-1.48731e-17
-1.19129e-17
-9.21786e-18
-6.78997e-18
-4.6266e-18
-2.72137e-18
-1.06486e-18
3.54862e-19
1.55161e-18
2.54063e-18
3.3381e-18
3.96077e-18
4.42558e-18
4.74938e-18
4.9487e-18
5.03947e-18
5.03694e-18
4.95548e-18
4.80853e-18
4.60849e-18
4.3667e-18
4.09343e-18
3.79788e-18
3.48816e-18
3.1714e-18
2.85369e-18
2.54025e-18
2.23539e-18
1.94262e-18
1.66473e-18
1.40384e-18
1.16145e-18
9.38549e-19
7.35654e-19
5.52884e-19
3.90014e-19
2.46538e-19
1.21715e-19
1.46216e-20
-7.58072e-20
-1.50738e-19
-2.11403e-19
-2.59074e-19
-2.9503e-19
-3.2054e-19
-3.36841e-19
-3.45128e-19
-3.46532e-19
-3.42121e-19
-3.32889e-19
-3.19749e-19
-3.03534e-19
-2.84997e-19
-2.64807e-19
-2.43555e-19
-2.21756e-19
-1.99851e-19
-1.78214e-19
-1.57155e-19
-1.36924e-19
-1.17718e-19
-9.96874e-20
-8.29374e-20
-6.75364e-20
-5.35196e-20
-4.08939e-20
-2.9642e-20
-1.97273e-20
-1.10966e-20
-3.68441e-21
2.58433e-21
7.79147e-21
1.20232e-20
1.53678e-20
1.79141e-20
1.97496e-20
2.09595e-20
2.16257e-20
2.18256e-20
2.16318e-20
2.11118e-20
2.03276e-20
1.93351e-20
1.81851e-20
1.69224e-20
1.55864e-20
1.42115e-20
1.28269e-20
1.14572e-20
1.0123e-20
8.84056e-21
7.62287e-21
6.47959e-21
5.41758e-21
4.44121e-21
3.55268e-21
2.75235e-21
2.03907e-21
1.41038e-21
8.6282e-22
3.92131e-22
-6.53829e-24
-3.38449e-22
-6.09119e-22
-8.24187e-22
-9.89292e-22
-1.10999e-21
-1.19165e-21
-1.23942e-21
-1.25818e-21
-1.25245e-21
-1.22645e-21
-1.18401e-21
-1.12863e-21
-1.06341e-21
-9.91132e-22
-9.14209e-22
-8.34738e-22
-7.54504e-22
-6.75006e-22
-5.97481e-22
-5.22919e-22
-4.52096e-22
-3.85592e-22
-3.23814e-22
-2.67021e-22
-2.1534e-22
-1.68792e-22
-1.27302e-22
-9.07236e-23
-5.88495e-23
-3.14264e-23
-8.16735e-24
1.12379e-23
2.71132e-23
3.97885e-23
4.95929e-23
5.68488e-23
6.18681e-23
6.4948e-23
6.63685e-23
6.63906e-23
6.52548e-23
6.31805e-23
6.03657e-23
5.69876e-23
5.32022e-23
4.91464e-23
4.49376e-23
4.06761e-23
3.64456e-23
3.23147e-23
2.83387e-23
2.45603e-23
2.10114e-23
1.77146e-23
1.46837e-23
1.19257e-23
9.44165e-24
7.22732e-24
5.27465e-24
3.5723e-24
2.10649e-24
8.6166e-25
-1.78944e-25
-1.03276e-24
-1.7175e-24
-2.25076e-24
-2.64974e-24
-2.93103e-24
-3.11037e-24
-3.20258e-24
-3.22141e-24
-3.1795e-24
-3.08833e-24
-2.95827e-24
-2.79854e-24
-2.61724e-24
-2.42146e-24
-2.21728e-24
-2.00984e-24
-1.80345e-24
-1.60162e-24
-1.40718e-24
-1.22229e-24
-1.04857e-24
-8.87164e-25
-7.38772e-25
-6.0374e-25
-4.82113e-25
-3.73684e-25
-2.78045e-25
-1.94629e-25
-1.22749e-25
-6.16329e-26
-1.04509e-26
3.16579e-26
6.55649e-26
9.21338e-26
1.12207e-25
1.26592e-25
1.36057e-25
1.4132e-25
1.43046e-25
1.41845e-25
1.38271e-25
1.32819e-25
1.2593e-25
1.17994e-25
1.09344e-25
1.00272e-25
9.10189e-26
8.17893e-26
7.27482e-26
6.40278e-26
5.57299e-26
4.79303e-26
4.06815e-26
3.40164e-26
2.7951e-26
2.24875e-26
1.76163e-26
1.33186e-26
9.56863e-27
6.33499e-27
3.58254e-27
1.27362e-27
-6.30736e-28
-2.16985e-27
-3.38262e-27
-4.30685e-27
-4.97874e-27
-5.43254e-27
-5.70023e-27
-5.81137e-27
-5.79297e-27
-5.66948e-27
-5.46275e-27
-5.19219e-27
-4.87477e-27
-4.52519e-27
-4.15604e-27
-3.77791e-27
-3.39962e-27
-3.02832e-27
-2.66971e-27
-2.32817e-27
-2.00697e-27
-1.70835e-27
-1.43373e-27
-1.1838e-27
-9.5864e-28
-7.57867e-28
-5.80694e-28
-4.26037e-28
-2.92587e-28
-1.78878e-28
-8.33441e-29
-4.36849e-30
5.96772e-29
1.10399e-28
1.49354e-28
1.78029e-28
1.97829e-28
2.10061e-28
2.15929e-28
2.16532e-28
2.12861e-28
2.05802e-28
1.96136e-28
1.84547e-28
1.71626e-28
1.57876e-28
1.43721e-28
1.29512e-28
1.15534e-28
1.02012e-28
8.91215e-29
7.69897e-29
6.57063e-29
5.53269e-29
4.5879e-29
3.73667e-29
2.97752e-29
2.30744e-29
1.7223e-29
1.21708e-29
7.86187e-30
4.23647e-30
1.23309e-30
-1.2101e-30
-3.15393e-30
-4.65724e-30
-5.77612e-30
-6.56335e-30
-7.06797e-30
-7.33508e-30
-7.40568e-30
-7.31669e-30
-7.10099e-30
-6.78757e-30
-6.40168e-30
-5.96513e-30
-5.49643e-30
-5.01114e-30
-4.52212e-30
-4.03977e-30
-3.57235e-30
-3.12619e-30
-2.70596e-30
-2.31492e-30
-1.95509e-30
-1.62748e-30
-1.33226e-30
-1.06893e-30
-8.36449e-31
-6.33356e-31
-4.57902e-31
-3.08126e-31
-1.81943e-31
-7.72049e-32
8.24033e-33
7.65064e-32
1.29633e-31
1.69562e-31
1.98112e-31
2.16974e-31
2.27697e-31
2.31685e-31
2.30201e-31
2.24366e-31
2.15167e-31
2.03461e-31
1.89987e-31
1.75371e-31
1.60137e-31
1.44718e-31
1.29464e-31
1.14652e-31
1.00493e-31
8.71446e-32
7.47153e-32
6.32734e-32
5.28531e-32
4.34613e-32
3.50823e-32
2.76829e-32
2.12166e-32
1.56273e-32
1.0852e-32
6.82401e-33
3.47454e-33
7.34903e-34
-1.46227e-33
-3.18187e-33
-4.48548e-33
-5.43077e-33
-6.07113e-33
-6.45537e-33
-6.62772e-33
-6.62779e-33
-6.4907e-33
-6.24728e-33
-5.92427e-33
-5.54462e-33
-5.12779e-33
-4.69003e-33
-4.24473e-33
-3.80268e-33
-3.37241e-33
-2.96047e-33
-2.57167e-33
-2.20936e-33
-1.87567e-33
-1.57166e-33
-1.2976e-33
-1.05303e-33
-8.36994e-34
-6.4814e-34
-4.84812e-34
-3.45164e-34
-2.27234e-34
-1.29008e-34
-4.84728e-35
1.63405e-35
6.73254e-35
1.06275e-34
1.34867e-34
1.54647e-34
1.67029e-34
1.73291e-34
1.74573e-34
1.71885e-34
1.66112e-34
1.5802e-34
1.48263e-34
1.37398e-34
1.25887e-34
1.14109e-34
1.02372e-34
9.09169e-35
7.99292e-35
6.95454e-35
5.98606e-35
5.09352e-35
4.28006e-35
3.54646e-35
2.89166e-35
2.31311e-35
1.80716e-35
1.36938e-35
9.94801e-36
6.78141e-36
4.13986e-36
1.96929e-36
2.16917e-37
-1.16795e-36
-2.23324e-36
-3.02363e-36
-3.58033e-36
-3.94087e-36
-4.1391e-36
-4.20519e-36
-4.16581e-36
-4.04426e-36
-3.86067e-36
-3.63225e-36
-3.37353e-36
-3.09661e-36
-2.81141e-36
-2.52593e-36
-2.24645e-36
-1.9778e-36
-1.72354e-36
-1.48615e-36
-1.26721e-36
-1.06757e-36
-8.87472e-37
-7.26666e-37
-5.84544e-37
-4.60213e-37
-3.52583e-37
-2.60427e-37
-1.82445e-37
-1.17301e-37
-6.36638e-38
-2.02352e-38
1.42295e-38
4.09049e-38
6.08847e-38
7.5175e-38
8.46908e-38
9.02554e-38
9.26019e-38
9.23761e-38
9.01416e-38
8.63844e-38
8.15192e-38
7.58955e-38
6.98039e-38
6.34823e-38
5.71222e-38
5.08742e-38
4.48537e-38
3.91459e-38
3.38105e-38
2.88857e-38
2.43924e-38
2.03371e-38
1.67149e-38
1.35127e-38
1.07102e-38
8.2831e-39
6.20361e-39
4.44233e-39
2.96908e-39
1.75382e-39
7.67244e-40
-1.86731e-41
-6.30349e-40
-1.09234e-39
-1.42719e-39
-1.65538e-39
-1.79528e-39
-1.86324e-39
-1.87362e-39
-1.83894e-39
-1.76996e-39
-1.67587e-39
-1.56438e-39
-1.4419e-39
-1.31369e-39
-1.18393e-39
-1.05596e-39
-9.3231e-40
-8.14853e-40
-7.04908e-40
-6.03327e-40
-5.10581e-40
-4.26833e-40
-3.52003e-40
-2.85822e-40
-2.27885e-40
-1.77683e-40
-1.34646e-40
-9.81627e-41
-6.76093e-41
-4.2363e-41
-2.18181e-41
-5.39513e-42
7.45076e-42
1.72255e-41
2.43927e-41
2.93727e-41
3.25423e-41
3.42355e-41
3.47459e-41
3.43285e-41
3.32026e-41
3.15546e-41
2.9541e-41
2.72917e-41
2.49128e-41
2.24894e-41
2.00884e-41
1.77612e-41
1.55457e-41
1.34686e-41
1.15474e-41
9.79185e-42
8.20573e-42
6.78788e-42
5.53343e-42
4.43481e-42
3.48245e-42
2.66552e-42
1.97245e-42
1.39138e-42
9.10483e-43
5.18272e-43
2.03767e-43
-4.33476e-44
-2.32633e-43
-3.72839e-43
-4.71883e-43
-5.36851e-43
-5.74018e-43
-5.88886e-43
-5.86225e-43
-5.70133e-43
-5.44087e-43
-5.11003e-43
-4.73298e-43
-4.3294e-43
-3.91511e-43
-3.50255e-43
-3.10123e-43
-2.71821e-43
-2.35848e-43
-2.02533e-43
-1.72063e-43
-1.44515e-43
-1.19876e-43
-9.80686e-44
-7.89617e-44
-6.23912e-44
-4.81691e-44
-3.60943e-44
-2.59601e-44
-1.7561e-44
-1.06968e-44
-5.17689e-45
-8.22011e-46
2.53357e-45
5.04138e-45
6.83828e-45
8.04658e-45
8.77443e-45
9.11647e-45
9.15467e-45
8.95929e-45
8.58988e-45
8.09633e-45
7.51987e-45
6.89416e-45
6.24614e-45
5.597e-45
4.96299e-45
4.35617e-45
3.7851e-45
3.25544e-45
2.77052e-45
2.33176e-45
1.93911e-45
1.59141e-45
1.28664e-45
1.02221e-45
7.95135e-46
6.02203e-46
4.40122e-46
3.05611e-46
1.95478e-46
1.06681e-46
3.63667e-47
-1.81015e-47
-5.91309e-47
-8.8893e-47
-1.09325e-46
-1.22138e-46
-1.28825e-46
-1.3068e-46
-1.28809e-46
-1.24147e-46
-1.17479e-46
-1.09451e-46
-1.0059e-46
-9.13188e-47
-8.19686e-47
-7.27942e-47
-6.39848e-47
-5.56753e-47
-4.79558e-47
-4.08798e-47
-3.44718e-47
-2.87336e-47
-2.36495e-47
-1.91912e-47
-1.53211e-47
-1.19959e-47
-9.16876e-48
-6.79159e-48
-4.81633e-48
-3.19629e-48
-1.88698e-48
-8.46732e-49
-3.70516e-50
5.77147e-49
1.02747e-48
1.34208e-48
1.54581e-48
1.66031e-48
1.7043e-48
1.69375e-48
1.64219e-48
1.5609e-48
1.4592e-48
1.34468e-48
1.2234e-48
1.10014e-48
9.78557e-49
8.61386e-49
7.50577e-49
6.47443e-49
5.52778e-49
4.66966e-49
3.90065e-49
3.21891e-49
2.62078e-49
2.10131e-49
1.65475e-49
1.27484e-49
9.55112e-50
6.8914e-50
4.70655e-50
2.93693e-50
1.52668e-50
4.24265e-51
-4.17226e-51
-1.04001e-50
-1.48166e-50
-1.77524e-50
-1.94957e-50
-2.02948e-50
-2.0362e-50
-1.98763e-50
-1.8987e-50
-1.78174e-50
-1.64676e-50
-1.50179e-50
-1.35312e-50
-1.2056e-50
-1.06283e-50
-9.27423e-51
-8.01125e-51
-6.85022e-51
-5.79657e-51
-4.85156e-51
-4.01323e-51
-3.27732e-51
-2.63788e-51
-2.08788e-51
-1.61967e-51
-1.22533e-51
-8.96935e-52
-6.2678e-52
-4.07532e-52
-2.32325e-52
-9.48291e-53
1.07108e-53
8.94688e-53
1.46043e-52
1.84474e-52
2.08282e-52
2.20494e-52
2.23694e-52
2.20059e-52
2.11404e-52
1.99225e-52
1.84735e-52
1.68909e-52
1.52509e-52
1.36123e-52
1.20191e-52
1.05029e-52
9.0854e-53
7.78005e-53
6.59393e-53
5.52909e-53
4.58378e-53
3.75346e-53
3.0316e-53
2.41038e-53
1.88122e-53
1.43519e-53
1.06339e-53
7.57119e-54
5.08105e-54
3.08609e-54
1.51502e-54
3.03036e-55
-6.08025e-55
-1.2698e-54
-1.72763e-54
-2.02092e-54
-2.18357e-54
-2.24443e-54
-2.22783e-54
-2.15399e-54
-2.03958e-54
-1.89812e-54
-1.74045e-54
-1.57506e-54
-1.4085e-54
-1.24569e-54
-1.09016e-54
-9.44358e-55
-8.09833e-55
-6.87419e-55
-5.77406e-55
-4.79663e-55
-3.93753e-55
-3.19022e-55
-2.54675e-55
-1.99829e-55
-1.53568e-55
-1.14969e-55
-8.3133e-56
-5.72057e-56
-3.63864e-56
-1.99385e-56
-7.19281e-57
2.45061e-57
9.52383e-57
1.44936e-56
1.7765e-56
1.96861e-56
2.05529e-56
2.06145e-56
2.0078e-56
1.9114e-56
1.78605e-56
1.64284e-56
1.49044e-56
1.33555e-56
1.18322e-56
1.03708e-56
8.99662e-57
7.72593e-57
6.56778e-57
5.52571e-57
4.59901e-57
3.78392e-57
3.07446e-57
2.46322e-57
1.94194e-57
1.50193e-57
1.13447e-57
8.31059e-58
5.83573e-58
3.84428e-58
2.26641e-58
1.03874e-58
1.04505e-59
-5.86615e-59
-1.07869e-58
-1.40994e-58
-1.61317e-58
-1.71623e-58
-1.74256e-58
-1.7116e-58
-1.63937e-58
-1.53884e-58
-1.42038e-58
-1.29215e-58
-1.16043e-58
-1.02997e-58
-9.04207e-59
-7.85544e-59
-6.75544e-59
-5.75105e-59
-4.8461e-59
-4.04053e-59
-3.33141e-59
-2.71378e-59
-2.18134e-59
-1.72698e-59
-1.3432e-59
-1.02244e-59
-7.57296e-60
-5.40719e-60
-3.6611e-60
-2.27399e-60
-1.19081e-60
-3.6224e-61
2.55337e-61
7.0012e-61
1.00519e-60
1.19892e-60
1.30538e-60
1.34476e-60
1.33388e-60
1.28649e-60
1.21379e-60
1.1247e-60
1.02625e-60
9.23858e-61
8.21619e-61
7.22517e-61
6.28647e-61
5.41386e-61
4.61546e-61
3.89503e-61
3.25298e-61
2.6873e-61
2.19426e-61
1.76895e-61
1.40579e-61
1.09884e-61
8.42081e-62
6.29633e-62
4.55871e-62
3.15533e-62
2.0378e-62
1.16225e-62
4.89393e-63
-1.54769e-64
-3.82732e-63
-6.38651e-63
-8.05741e-63
-9.03084e-63
-9.46686e-63
-9.49833e-63
-9.23424e-63
-8.76293e-63
-8.15501e-63
-7.46601e-63
-6.73886e-63
-6.00594e-63
-5.29102e-63
-4.61085e-63
-3.97658e-63
-3.39492e-63
-2.86916e-63
-2.40002e-63
-1.98628e-63
-1.62537e-63
-1.31384e-63
-1.04767e-63
-8.22536e-64
-6.34079e-64
-4.77996e-64
-3.5018e-64
-2.46783e-64
-1.64266e-64
-9.94222e-65
-4.9383e-65
-1.16133e-65
1.61021e-65
3.56785e-65
4.87547e-65
5.67186e-65
6.07338e-65
6.17651e-65
6.06037e-65
5.78904e-65
5.41372e-65
4.97474e-65
4.50325e-65
4.02282e-65
3.55078e-65
3.09945e-65
2.67706e-65
2.28872e-65
1.93703e-65
1.62277e-65
1.34531e-65
1.10308e-65
8.9384e-66
7.1494e-66
5.6353e-66
4.36689e-66
3.31544e-66
2.45342e-66
1.75506e-66
1.19661e-66
7.56571e-67
4.15723e-67
1.57086e-67
-3.4164e-68
-1.70834e-67
-2.63874e-67
-3.22549e-67
-3.54618e-67
-3.66512e-67
-3.63502e-67
-3.49854e-67
-3.28976e-67
-3.03555e-67
-2.75665e-67
-2.46881e-67
-2.18365e-67
-1.90943e-67
-1.65177e-67
-1.41418e-67
-1.19857e-67
-1.00559e-67
-8.35004e-68
-6.85938e-68
-5.57071e-68
-4.46816e-68
-3.53438e-68
-2.75157e-68
-2.1021e-68
-1.56908e-68
-1.13666e-68
-7.90233e-69
-5.1659e-69
-3.0391e-69
-1.41762e-69
-2.10455e-70
6.60977e-70
1.26379e-69
1.65474e-69
1.88131e-69
1.98284e-69
1.99154e-69
1.93348e-69
1.82948e-69
1.69597e-69
1.54562e-69
1.3881e-69
1.23052e-69
1.07801e-69
9.34054e-70
8.00879e-70
6.79729e-70
5.71105e-70
4.74958e-70
3.90851e-70
3.1808e-70
2.55773e-70
2.02967e-70
1.58667e-70
1.21883e-70
9.16638e-71
6.71165e-71
4.74182e-71
3.18232e-71
1.96654e-71
1.03568e-71
3.38487e-72
-1.6927e-72
-5.25339e-72
-7.61613e-72
-9.04765e-72
-9.76869e-72
-9.95991e-72
-9.76752e-72
-9.30829e-72
-8.67423e-72
-7.93663e-72
-7.14968e-72
-6.35359e-72
-5.57732e-72
-4.8408e-72
-4.15693e-72
-3.53313e-72
-2.97272e-72
-2.47593e-72
-2.04086e-72
-1.66407e-72
-1.34121e-72
-1.06739e-72
-8.37514e-73
-6.46485e-73
-4.894e-73
-3.61647e-73
-2.58972e-73
-1.77518e-73
-1.13839e-73
-6.48976e-74
-2.80443e-74
-9.95619e-76
1.81964e-74
3.11763e-74
3.93186e-74
4.376e-74
4.54304e-74
4.50821e-74
4.3316e-74
4.06054e-74
3.73175e-74
3.37318e-74
3.00564e-74
2.64416e-74
2.29916e-74
1.97749e-74
1.68319e-74
1.4182e-74
1.18291e-74
9.76579e-75
7.97712e-75
6.44317e-75
5.14126e-75
4.04745e-75
3.1378e-75
2.38912e-75
1.77956e-75
1.28895e-75
8.99006e-76
5.93392e-76
3.57696e-76
1.79362e-76
4.75754e-77
-4.68876e-77
-1.11807e-76
-1.53682e-76
-1.77883e-76
-1.88802e-76
-1.89991e-76
-1.84287e-76
-1.73925e-76
-1.60641e-76
-1.45756e-76
-1.30259e-76
-1.14864e-76
-1.00072e-76
-8.62148e-77
-7.34939e-77
-6.20114e-77
-5.17967e-77
-4.28266e-77
-3.50417e-77
-2.83595e-77
-2.26836e-77
-1.79114e-77
-1.39397e-77
-1.06679e-77
-8.00134e-78
-5.85229e-78
-4.14125e-78
-2.79714e-78
-1.75731e-78
-9.67172e-79
-3.79711e-79
4.51206e-80
3.41096e-79
5.36405e-79
6.54334e-79
7.13917e-79
7.3054e-79
7.16491e-79
6.81458e-79
6.32963e-79
5.76749e-79
5.1711e-79
4.57173e-79
3.99138e-79
3.4448e-79
2.9411e-79
2.48517e-79
2.07873e-79
1.72125e-79
1.41062e-79
1.14373e-79
9.16846e-80
7.2594e-80
5.66932e-80
4.35839e-80
3.28887e-80
2.42587e-80
1.73767e-80
1.19592e-80
7.75624e-81
4.5502e-81
2.15366e-81
4.0704e-82
-8.24144e-82
-1.65209e-81
-2.16942e-81
-2.45183e-81
-2.56047e-81
-2.54419e-81
-2.44149e-81
-2.28231e-81
-2.08952e-81
-1.88025e-81
-1.66704e-81
-1.45874e-81
-1.26137e-81
-1.0787e-81
-9.12823e-82
-7.64613e-82
-6.34027e-82
-5.20405e-82
-4.22675e-82
-3.39518e-82
-2.69494e-82
-2.11125e-82
-1.62963e-82
-1.23634e-82
-9.18622e-83
-6.64886e-83
-4.64762e-83
-3.09107e-83
-1.89959e-83
-1.00465e-83
-3.47929e-84
1.19706e-84
4.3922e-84
6.44422e-84
7.62921e-84
8.17023e-84
8.24538e-84
7.99515e-84
7.52876e-84
6.9298e-84
6.26103e-84
5.56846e-84
4.88485e-84
4.23253e-84
3.62583e-84
3.07299e-84
2.57772e-84
2.1405e-84
1.75951e-84
1.43141e-84
1.15198e-84
9.16481e-85
7.20023e-85
5.57789e-85
4.25188e-85
3.17951e-85
2.32193e-85
1.64436e-85
1.11612e-85
7.10501e-86
4.04522e-86
1.78624e-86
1.6341e-87
-9.6049e-87
-1.69866e-86
-2.14352e-86
-2.36969e-86
-2.43679e-86
-2.3918e-86
-2.27132e-86
-2.10336e-86
-1.909e-86
-1.70374e-86
-1.49867e-86
-1.3014e-86
-1.11692e-86
-9.48133e-87
-7.96488e-87
-6.62323e-87
-5.45219e-87
-4.44245e-87
-3.58157e-87
-2.85538e-87
-2.2491e-87
-1.74804e-87
-1.33813e-87
-1.00629e-87
-7.40584e-88
-5.30308e-88
-3.66028e-88
-2.39523e-88
-1.43724e-88
-7.26161e-89
-2.11363e-89
1.49324e-89
3.90672e-89
5.41059e-89
6.23397e-89
6.55982e-89
6.53246e-89
6.26424e-89
5.84133e-89
5.32866e-89
4.77413e-89
4.21213e-89
3.66651e-89
3.15297e-89
2.68103e-89
2.25563e-89
1.87834e-89
1.54843e-89
1.26355e-89
1.0204e-89
8.15095e-90
6.43545e-90
5.01651e-90
3.85473e-90
2.91329e-90
2.15857e-90
1.56041e-90
1.09219e-90
7.30695e-91
4.55992e-91
2.51109e-91
1.01766e-91
-3.92307e-93
-7.57592e-92
-1.21736e-91
-1.48307e-91
-1.60625e-91
-1.62756e-91
-1.57864e-91
-1.48381e-91
-1.36141e-91
-1.22502e-91
-1.08442e-91
-9.46431e-92
-8.15612e-92
-6.94777e-92
-5.85455e-92
-4.88235e-92
-4.03047e-92
-3.29374e-92
-2.66413e-92
-2.13199e-92
-1.68694e-92
-1.31852e-92
-1.01662e-92
-7.71741e-93
-5.75213e-93
-4.19238e-93
-2.96925e-93
-2.02274e-93
-1.3012e-93
-7.60734e-94
-3.64401e-94
-8.14575e-95
1.13432e-94
2.40928e-94
3.17706e-94
3.57078e-94
3.69548e-94
3.63302e-94
3.44629e-94
3.18284e-94
2.87791e-94
2.55704e-94
2.23813e-94
1.93325e-94
1.65e-94
1.39267e-94
1.16313e-94
9.61548e-95
7.86907e-95
6.37455e-95
5.11001e-95
4.05144e-95
3.17439e-95
2.45507e-95
1.8711e-95
1.40193e-95
1.02909e-95
7.36243e-96
5.09136e-96
3.35517e-96
2.04966e-96
1.08717e-96
3.94772e-97
-8.76207e-98
-4.08992e-97
-6.08869e-97
-7.18805e-97
-7.63702e-97
-7.62973e-97
-7.31544e-97
-6.80716e-97
-6.18886e-97
-5.52158e-97
-4.84839e-97
-4.19856e-97
-3.59083e-97
-3.03613e-97
-2.53964e-97
-2.1025e-97
-1.72306e-97
-1.39786e-97
-1.12238e-97
-8.91539e-98
-7.00111e-98
-5.42976e-98
-4.15294e-98
-3.1261e-98
-2.3091e-98
-1.6664e-98
-1.16702e-98
-7.84259e-99
-4.95448e-99
-2.81505e-99
-1.26558e-99
-1.75362e-100
5.62138e-100
1.03288e-99
1.30546e-99
1.43405e-99
1.46088e-99
1.41843e-99
1.33135e-99
1.21798e-99
1.09171e-99
9.62007e-100
8.35388e-100
7.16072e-100
6.06587e-100
5.08215e-100
4.21356e-100
3.45801e-100
2.8094e-100
2.25923e-100
1.79771e-100
1.41464e-100
1.09993e-100
8.43973e-101
6.37931e-101
4.73808e-101
3.44519e-101
2.43878e-101
1.66561e-101
1.08038e-101
6.45002e-102
3.27803e-102
1.02696e-102
-5.15772e-103
-1.52161e-102
-2.12742e-102
-2.44122e-102
-2.5473e-102
-2.51054e-102
-2.38022e-102
-2.19307e-102
-1.97598e-102
-1.74811e-102
-1.52269e-102
-1.3084e-102
-1.11058e-102
-9.32061e-103
-7.73938e-103
-6.36064e-103
-5.17491e-103
-4.16769e-103
-3.32181e-103
-2.61901e-103
-2.04109e-103
-1.57067e-103
-1.19163e-103
-8.89376e-104
-6.50962e-104
-4.6507e-104
-3.21952e-104
-2.13316e-104
-1.32188e-104
-7.27681e-105
-3.0281e-105
-8.36632e-107
1.87027e-105
3.0841e-105
3.75553e-105
4.03882e-105
4.05285e-105
3.88795e-105
3.61163e-105
3.27341e-105
2.90875e-105
2.54227e-105
2.19036e-105
1.86322e-105
1.56657e-105
1.30287e-105
1.07232e-105
8.73652e-106
7.04628e-106
5.625e-106
4.44289e-106
3.46993e-106
2.67724e-106
2.03794e-106
1.52763e-106
1.12461e-106
8.09891e-107
5.67118e-107
3.82362e-107
2.43914e-107
1.42032e-107
6.87003e-108
1.7387e-108
-1.71746e-108
-3.91873e-108
-5.19697e-108
-5.81121e-108
-5.9612e-108
-5.79882e-108
-5.43785e-108
-4.96191e-108
-4.43112e-108
-3.88749e-108
-3.35923e-108
-2.86427e-108
-2.41293e-108
-2.01011e-108
-1.6569e-108
-1.35184e-108
-1.09185e-108
-8.72932e-109
-6.9065e-109
-5.40473e-109
-4.1801e-109
-3.19153e-109
-2.40164e-109
-1.7771e-109
-1.28871e-109
-9.11287e-110
-6.23388e-110
-4.06978e-110
-2.47054e-110
-1.31269e-110
-4.95654e-111
6.16536e-112
4.23948e-111
6.42328e-111
7.56689e-111
7.97812e-111
7.89128e-111
7.48211e-111
6.88012e-111
6.17875e-111
5.44363e-111
4.71925e-111
4.03429e-111
3.40573e-111
2.8422e-111
2.34642e-111
1.91716e-111
1.55063e-111
1.24154e-111
9.83867e-112
7.71355e-112
5.97898e-112
4.5775e-112
3.4566e-112
2.56936e-112
1.87462e-112
1.33685e-112
9.25757e-113
6.15878e-113
3.86015e-113
2.18727e-113
9.98097e-114
1.78089e-114
-3.64145e-114
-7.00774e-114
-8.88163e-114
-9.69816e-114
-9.78885e-114
-9.40265e-114
-8.72345e-114
-7.88433e-114
-6.97926e-114
-6.07246e-114
-5.2058e-114
-4.40474e-114
-3.68287e-114
-3.04542e-114
-2.49197e-114
-2.01839e-114
-1.61837e-114
-1.28446e-114
-1.00876e-114
-7.83518e-115
-6.01359e-115
-4.5553e-115
-3.39979e-115
-2.49387e-115
-1.79156e-115
-1.25364e-115
-8.4712e-116
-5.44546e-116
-3.2332e-116
-1.65038e-116
-5.48621e-117
1.90464e-117
6.60375e-117
9.34151e-117
1.06819e-116
1.10552e-116
1.07846e-116
1.01097e-116
9.20414e-117
8.19122e-117
7.15574e-117
6.15367e-117
5.21972e-117
4.37318e-117
3.6225e-117
2.96871e-117
2.40797e-117
1.93347e-117
1.53681e-117
1.20893e-117
9.40775e-118
7.23709e-118
5.49771e-118
4.11808e-118
3.03518e-118
2.19447e-118
1.54939e-118
1.06076e-118
6.95958e-119
4.28124e-119
2.35395e-119
1.00138e-119
8.28767e-121
-5.12681e-120
-8.721e-120
-1.06245e-119
-1.13491e-119
-1.12802e-119
-1.07034e-119
-9.82681e-120
-8.7985e-120
-7.72106e-120
-6.66286e-120
-5.66704e-120
-4.75843e-120
-3.94889e-120
-3.24137e-120
-2.63297e-120
-2.11711e-120
-1.6852e-120
-1.32773e-120
-1.03506e-120
-7.97921e-121
-6.07718e-121
-4.56705e-121
-3.38039e-121
-2.4579e-121
-1.74891e-121
-1.21073e-121
-8.07817e-122
-5.10904e-122
-2.96159e-122
-1.44368e-122
-4.01978e-123
2.84605e-123
7.10715e-123
9.49494e-123
1.0568e-122
1.07474e-122
1.03458e-122
9.59134e-123
8.64719e-123
7.62697e-123
6.6071e-123
5.6365e-123
4.74415e-123
3.94482e-123
3.2435e-123
2.63867e-123
2.12471e-123
1.69365e-123
1.33639e-123
1.04356e-123
8.06042e-124
6.15359e-124
4.63816e-124
3.44608e-124
2.51822e-124
1.80401e-124
1.26081e-124
8.53116e-125
5.51675e-125
3.32665e-125
1.76878e-125
6.89878e-126
-3.11329e-127
-4.8888e-126
-7.56529e-126
-8.8999e-126
-9.31445e-126
-9.12269e-126
-8.55414e-126
-7.77345e-126
-6.89588e-126
-5.99958e-126
-5.13525e-126
-4.33361e-126
-3.61114e-126
-2.97447e-126
-2.42362e-126
-1.95437e-126
-1.56006e-126
-1.23277e-126
-9.64173e-127
-7.46085e-127
-5.70827e-127
-4.31409e-127
-3.21625e-127
-2.36073e-127
-1.70127e-127
-1.19882e-127
-8.20843e-128
-5.40531e-128
-3.36044e-128
-1.89773e-128
-8.76643e-129
-1.86173e-129
2.60472e-129
5.30413e-129
6.74976e-129
7.32918e-129
7.33107e-129
6.96706e-129
6.38945e-129
5.70534e-129
4.9879e-129
4.2851e-129
3.62662e-129
3.02902e-129
2.49978e-129
2.04019e-129
1.64763e-129
1.31707e-129
1.04224e-129
8.16396e-130
6.32817e-130
4.85142e-130
3.67552e-130
2.74863e-130
2.02551e-130
1.46737e-130
1.04142e-130
7.20324e-131
4.81541e-131
3.06714e-131
1.81037e-131
9.26915e-132
3.23413e-132
-7.31382e-133
-3.1922e-132
-4.5804e-132
-5.22255e-132
-5.36221e-132
-5.17829e-132
-4.7999e-132
-4.31821e-132
-3.7959e-132
-3.27452e-132
-2.78017e-132
-2.32793e-132
-1.92516e-132
-1.57397e-132
-1.27307e-132
-1.01912e-132
-8.07601e-133
-6.33532e-133
-4.91869e-133
-3.77793e-133
-2.86867e-133
-2.15125e-133
-1.59095e-133
-1.15793e-133
-8.26969e-134
-5.76996e-134
-3.90645e-134
-2.53759e-134
-1.54919e-134
-8.50115e-135
-3.68341e-135
-4.7549e-136
1.55849e-135
2.75214e-135
3.3578e-135
3.56391e-135
3.50911e-135
3.29371e-135
2.98885e-135
2.6437e-135
2.29114e-135
1.95214e-135
1.63913e-135
1.35857e-135
1.11281e-135
9.01531e-136
7.22752e-136
5.73553e-136
4.50577e-136
3.50366e-136
2.6958e-136
2.05124e-136
1.54217e-136
1.14417e-136
8.36216e-137
6.0051e-137
4.22169e-137
2.88918e-137
1.90747e-137
1.19581e-137
6.89721e-138
3.38256e-138
1.01562e-138
-5.12102e-139
-1.43684e-138
-1.93742e-138
-2.14751e-138
-2.16561e-138
-2.06318e-138
-1.89107e-138
-1.68459e-138
-1.46755e-138
-1.25534e-138
-1.05729e-138
-8.78458e-139
-7.20991e-139
-5.851e-139
-4.69784e-139
-3.73337e-139
-2.93704e-139
-2.28723e-139
-1.76277e-139
-1.34388e-139
-1.01271e-139
-7.53537e-140
-5.52775e-140
-3.98906e-140
-2.82296e-140
-1.94988e-140
-1.30493e-140
-8.35721e-141
-5.00435e-141
-2.66013e-141
-1.06592e-141
-2.14513e-143
6.26679e-142
9.94679e-142
1.1695e-141
1.21531e-141
1.17878e-141
1.09319e-141
9.81785e-142
8.60352e-142
7.39197e-142
6.24688e-142
5.20415e-142
4.28055e-142
3.48007e-142
2.79862e-142
2.22729e-142
1.75468e-142
1.36844e-142
1.05632e-142
8.06757e-143
6.09256e-143
4.54532e-143
3.34549e-143
2.42476e-143
1.72593e-143
1.20171e-143
8.13521e-144
5.30205e-144
3.26879e-144
1.83871e-144
8.57884e-145
2.07088e-145
-2.05049e-145
-4.4778e-145
-5.72968e-145
-6.18949e-145
-6.13644e-145
-5.77036e-145
-5.23139e-145
-4.61522e-145
-3.98501e-145
-3.3804e-145
-2.82443e-145
-2.32864e-145
-1.89687e-145
-1.52798e-145
-1.21786e-145
-9.60804e-146
-7.50378e-146
-5.80103e-146
-4.43801e-146
-3.35821e-146
-2.51142e-146
-1.85407e-146
-1.34903e-146
-9.65166e-147
-6.76715e-147
-4.62639e-147
-3.05944e-147
-1.93056e-147
-1.13237e-147
-5.80854e-148
-2.10919e-148
2.7344e-149
1.71783e-148
2.50768e-148
2.85293e-148
2.90676e-148
2.77913e-148
2.54739e-148
2.2647e-148
1.96644e-148
1.67513e-148
1.40418e-148
1.16068e-148
9.47448e-149
7.64545e-149
6.10325e-149
4.82194e-149
3.7712e-149
2.91971e-149
2.23728e-149
1.69606e-149
1.27121e-149
9.41052e-150
6.87106e-150
4.93834e-150
3.48367e-150
2.40189e-150
1.608e-150
1.03406e-150
6.26343e-151
3.4279e-151
1.50802e-151
2.53785e-152
-5.24491e-152
-9.69104e-152
-1.18548e-151
-1.25067e-151
-1.22011e-151
-1.13294e-151
-1.0162e-151
-8.87999e-152
-7.60031e-152
-6.39399e-152
-5.30015e-152
-4.3363e-152
-3.50581e-152
-2.80321e-152
-2.21797e-152
-1.73711e-152
-1.34682e-152
-1.03361e-152
-7.84929e-153
-5.89512e-153
-4.37498e-153
-3.20444e-153
-2.31245e-153
-1.64009e-153
-1.13915e-153
-7.70646e-154
-5.03403e-154
-3.12764e-154
-1.79416e-154
-8.83892e-155
-2.81996e-155
9.87171e-156
3.23696e-155
4.41485e-155
4.87614e-155
4.87701e-155
4.59894e-155
4.16781e-155
3.66861e-155
3.15671e-155
2.66638e-155
2.21713e-155
1.81845e-155
1.47317e-155
1.17996e-155
9.35048e-156
7.33372e-156
5.69402e-156
4.37632e-156
3.32886e-156
2.50486e-156
1.86321e-156
1.3686e-156
9.91237e-157
7.06393e-157
4.93805e-157
3.37079e-157
2.23099e-157
1.41485e-157
8.41065e-158
4.46583e-158
1.83018e-158
1.36217e-159
-8.92105e-159
-1.45974e-158
-1.71689e-158
-1.77209e-158
-1.70244e-158
-1.56162e-158
-1.38613e-158
-1.19994e-158
-1.01813e-158
-8.49525e-159
-6.9866e-159
-5.67248e-159
-4.55184e-159
-3.61282e-159
-2.83773e-159
-2.20636e-159
-1.69822e-159
-1.29377e-159
-9.75254e-160
-7.26965e-160
-5.35369e-160
-3.89026e-160
-2.78416e-160
-1.95732e-160
-1.34654e-160
-9.01209e-161
-5.81258e-161
-3.55293e-161
-1.98963e-161
-9.35728e-162
-2.4918e-162
1.7679e-162
4.21522e-162
5.43241e-162
5.84089e-162
5.74083e-162
5.34206e-162
4.78793e-162
4.17346e-162
3.55913e-162
2.98116e-162
2.4591e-162
2.00135e-162
1.60914e-162
1.27933e-162
1.00638e-162
7.83583e-163
6.03971e-163
4.60821e-163
3.47953e-163
2.59876e-163
1.91839e-163
1.39813e-163
1.00442e-163
7.09675e-164
4.91549e-164
3.32137e-164
2.17259e-164
1.35796e-164
7.91246e-165
4.06197e-165
1.52461e-165
-7.83261e-167
-1.02848e-165
-1.53279e-165
-1.74125e-165
-1.76099e-165
-1.66712e-165
-1.51122e-165
-1.32772e-165
-1.1388e-165
-9.5798e-166
-7.9284e-166
-6.46947e-166
-5.21272e-166
-4.15177e-166
-3.27109e-166
-2.5506e-166
-1.96873e-166
-1.5043e-166
-1.13766e-166
-8.51236e-167
-6.29749e-167
-4.60203e-167
-3.31742e-167
-2.35439e-167
-1.64049e-167
-1.11765e-167
-7.39828e-168
-4.70933e-168
-2.82946e-168
-1.54343e-168
-6.87552e-169
-1.38643e-169
1.94966e-169
3.80704e-169
4.67525e-169
4.90461e-169
4.74156e-169
4.35601e-169
3.86217e-169
3.33431e-169
2.81848e-169
2.34123e-169
1.91592e-169
1.54731e-169
1.23474e-169
9.74433e-170
7.60934e-170
5.88171e-170
4.5006e-170
3.40887e-170
2.55501e-170
1.89403e-170
1.38751e-170
1.00329e-170
7.14877e-171
5.0074e-171
3.43604e-171
2.29769e-171
1.48487e-171
9.14133e-172
5.21324e-172
2.5765e-172
8.63717e-173
-1.98721e-173
-8.12269e-173
-1.1234e-172
-1.23711e-172
-1.2275e-172
-1.14583e-172
-1.02679e-172
-8.93097e-173
-7.59062e-173
-6.33126e-173
-5.19761e-173
-4.20823e-173
-3.36508e-173
-2.66029e-173
-2.08062e-173
-1.61054e-173
-1.2341e-173
-9.36118e-174
-7.02777e-174
-5.21946e-174
-3.83225e-174
-2.77882e-174
-1.98707e-174
-1.39837e-174
-9.65592e-175
-6.51362e-175
-4.26329e-175
-2.67694e-175
-1.57931e-175
-8.36991e-176
-3.495e-176
-4.19467e-177
1.40854e-176
2.39078e-176
2.81579e-176
2.88765e-176
2.74812e-176
2.49356e-176
2.18763e-176
1.87086e-176
1.56767e-176
1.29152e-176
1.04857e-176
8.4036e-177
6.65591e-177
5.21402e-177
4.04192e-177
3.10156e-177
2.35604e-177
1.7715e-177
1.31799e-177
9.69716e-178
7.04949e-178
5.05717e-178
3.57372e-178
2.48139e-178
1.68662e-178
1.11592e-178
7.12198e-179
4.31524e-179
2.40458e-179
1.13795e-179
3.27399e-180
-1.65687e-180
-4.4234e-180
-5.75239e-180
-6.15909e-180
-6.00256e-180
-5.52796e-180
-4.8984e-180
-4.21882e-180
-3.55353e-180
-2.93908e-180
-2.39351e-180
-1.92291e-180
-1.52605e-180
-1.1975e-180
-9.29713e-181
-7.14428e-181
-5.4347e-181
-4.09244e-181
-3.04981e-181
-2.24824e-181
-1.63821e-181
-1.17864e-181
-8.36014e-182
-5.8333e-182
-3.99127e-182
-2.66536e-182
-1.72441e-182
-1.06747e-182
-6.17673e-183
-3.17041e-183
-1.22321e-183
-1.58703e-185
6.84555e-184
1.04589e-183
1.18736e-183
1.19228e-183
1.11779e-183
1.00213e-183
8.70136e-184
7.37242e-184
6.12451e-184
5.00451e-184
4.03128e-184
3.20621e-184
2.52049e-184
1.95996e-184
1.5083e-184
1.14899e-184
8.66465e-185
6.46735e-185
4.77616e-185
3.48769e-185
2.51593e-185
1.79055e-185
1.25481e-185
8.63577e-186
5.8134e-186
3.80471e-186
2.39701e-186
1.42821e-186
7.76054e-187
3.49253e-187
8.0384e-188
-7.97957e-188
-1.66812e-187
-2.05951e-187
-2.14931e-187
-2.05947e-187
-1.87208e-187
-1.64083e-187
-1.39957e-187
-1.16843e-187
-9.58354e-188
-7.7425e-188
-6.17236e-188
-4.86168e-188
-3.78679e-188
-2.91851e-188
-2.2264e-188
-1.68135e-188
-1.25687e-188
-9.29775e-189
-6.80299e-189
-4.91938e-189
-3.51166e-189
-2.47056e-189
-1.70903e-189
-1.15855e-189
-7.65749e-190
-4.89535e-190
-2.98573e-190
-1.69215e-190
-8.37956e-191
-2.92595e-191
3.9384e-192
2.26925e-191
3.19182e-191
3.50687e-191
3.45283e-191
3.19099e-191
2.82764e-191
2.43044e-191
2.04042e-191
1.68061e-191
1.36216e-191
1.08871e-191
8.59328e-192
6.70518e-192
5.17577e-192
3.95405e-192
2.99025e-192
2.23859e-192
1.65868e-192
1.21587e-192
8.81176e-193
6.3075e-193
4.45305e-193
3.09453e-193
2.11067e-193
1.40696e-193
9.10606e-194
5.66045e-194
3.31341e-194
1.75148e-194
7.42811e-195
1.17787e-195
-2.46261e-195
-4.36928e-195
-5.15883e-195
-5.25841e-195
-4.95821e-195
-4.45065e-195
-3.85945e-195
-3.26075e-195
-2.69843e-195
-2.19501e-195
-1.75933e-195
-1.3918e-195
-1.08805e-195
-8.41241e-196
-6.43619e-196
-4.87424e-196
-3.65423e-196
-2.71175e-196
-1.99127e-196
-1.44609e-196
-1.03771e-196
-7.3493e-197
-5.12804e-197
-3.51659e-197
-2.36152e-197
-1.54453e-197
-9.75313e-198
-5.85671e-198
-3.24595e-198
-1.54334e-198
-4.72498e-199
1.66676e-199
5.17277e-199
6.80248e-199
7.25701e-199
7.01453e-199
6.39392e-199
5.60189e-199
4.76735e-199
3.96624e-199
3.23927e-199
2.6044e-199
2.06544e-199
1.61795e-199
1.2531e-199
9.60192e-200
7.28209e-200
5.46711e-200
4.06308e-200
2.98846e-200
2.1744e-200
1.56393e-200
1.11078e-200
7.7789e-201
5.36002e-201
3.62277e-201
2.39089e-201
1.5298e-201
9.3777e-202
5.38697e-202
2.76222e-202
1.09048e-202
7.24805e-204
-5.06058e-203
-7.96584e-203
-9.0455e-203
-9.02126e-203
-8.37689e-203
-7.42827e-203
-6.37459e-203
-5.33545e-203
-4.37715e-203
-3.53142e-203
-2.80824e-203
-2.20465e-203
-1.71064e-203
-1.31287e-203
-9.97135e-204
-7.49666e-204
-5.57945e-204
-4.1102e-204
-2.9959e-204
-2.15936e-204
-1.53767e-204
-1.08039e-204
-7.47616e-205
-5.08181e-205
-3.3801e-205
-2.18706e-205
-1.36358e-205
-8.05544e-206
-4.35785e-206
-1.97731e-206
-5.0345e-207
3.57917e-207
8.15057e-207
1.01332e-206
1.05249e-206
9.99772e-207
8.99314e-207
7.79245e-207
6.56712e-207
5.41494e-207
4.38549e-207
3.49784e-207
2.75261e-207
2.14001e-207
1.64518e-207
1.2514e-207
9.42166e-208
7.02209e-208
5.18072e-208
3.78254e-208
2.73169e-208
1.94985e-208
1.37407e-208
9.54471e-209
6.52055e-209
4.36669e-209
2.85261e-209
1.80386e-209
1.0898e-209
6.13579e-210
3.04123e-210
1.09842e-210
-6.29421e-212
-7.05376e-211
-1.01249e-210
-1.11069e-210
-1.08546e-210
-9.93272e-211
-8.70433e-211
-7.39362e-211
-6.13142e-211
-4.98712e-211
-3.99087e-211
-3.14881e-211
-2.45325e-211
-1.88936e-211
-1.43939e-211
-1.08527e-211
-8.10004e-212
-5.98471e-212
-4.37651e-212
-3.16643e-212
-2.26511e-212
-1.60054e-212
-1.1156e-212
-7.65542e-213
-5.15743e-213
-3.39715e-213
-2.174e-213
-1.33768e-213
-7.76725e-214
-4.09255e-214
-1.75804e-214
-3.36408e-215
4.75701e-215
8.90851e-215
1.05578e-214
1.07006e-214
9.99842e-215
8.87943e-215
7.61129e-215
6.35315e-215
5.19244e-215
4.17046e-215
3.29997e-215
2.57696e-215
1.98843e-215
1.51737e-215
1.14576e-215
8.56361e-216
6.33625e-216
4.64065e-216
3.36331e-216
2.41081e-216
1.7077e-216
1.19397e-216
8.22595e-217
5.5711e-217
3.69611e-217
2.38953e-217
1.49281e-217
8.88262e-218
4.89443e-218
2.33489e-218
7.51945e-219
-1.75774e-219
-6.73824e-219
-8.98287e-219
-9.55412e-219
-9.16123e-219
-8.26635e-219
-7.16122e-219
-6.02215e-219
-4.94877e-219
-3.99108e-219
-3.16807e-219
-2.48019e-219
-1.91771e-219
-1.46595e-219
-1.10864e-219
-8.29806e-220
-6.14843e-220
-4.50973e-220
-3.27374e-220
-2.35102e-220
-1.66911e-220
-1.17027e-220
-8.09152e-221
-5.50576e-221
-3.67584e-221
-2.39734e-221
-1.51693e-221
-9.2069e-222
-5.2491e-222
-2.68668e-222
-1.08113e-222
-1.20369e-223
4.14996e-223
6.77107e-223
7.69837e-223
7.62812e-223
7.0167e-223
6.15477e-223
5.22037e-223
4.31647e-223
3.49718e-223
2.7858e-223
2.18696e-223
1.69476e-223
1.29793e-223
9.83156e-224
7.36962e-224
5.4682e-224
4.01656e-224
2.92026e-224
2.10086e-224
1.49462e-224
1.05061e-224
7.28758e-225
4.97945e-225
3.34294e-225
2.19687e-225
1.40524e-225
8.66961e-226
5.07697e-226
2.73312e-226
1.24809e-226
3.44022e-227
-1.74688e-227
-4.43959e-227
-5.56833e-227
-5.7591e-227
-5.42439e-227
-4.82891e-227
-4.13675e-227
-3.44467e-227
-2.80534e-227
-2.24347e-227
-1.76658e-227
-1.37232e-227
-1.05309e-227
-7.99055e-228
-5.9987e-228
-4.45733e-228
-3.27868e-228
-2.38734e-228
-1.72032e-228
-1.22626e-228
-8.63991e-229
-6.01059e-229
-4.12227e-229
-2.78109e-229
-1.83982e-229
-1.18785e-229
-7.42933e-230
-4.44536e-230
-2.48556e-230
-1.23191e-230
-4.5762e-231
-2.82037e-233
2.43778e-231
3.58542e-231
3.93023e-231
3.8135e-231
3.45577e-231
2.99512e-231
2.51429e-231
2.05969e-231
1.6544e-231
1.30713e-231
1.01811e-231
7.82968e-232
5.95168e-232
4.47514e-232
3.33008e-232
2.45296e-232
1.78868e-232
1.29097e-232
9.21876e-233
6.50928e-233
4.54038e-233
3.12442e-233
2.11711e-233
1.40876e-233
9.16892e-234
5.80138e-234
3.53307e-234
2.03448e-234
1.06788e-234
4.63547e-235
1.01686e-235
-1.01217e-235
-2.02599e-235
-2.41352e-235
-2.43332e-235
-2.25348e-235
-1.98017e-235
-1.67791e-235
-1.38374e-235
-1.11695e-235
-8.85812e-236
-6.91973e-236
-5.33405e-236
-4.06251e-236
-3.05974e-236
-2.28024e-236
-1.68202e-236
-1.22826e-236
-8.87832e-237
-6.35075e-237
-4.49314e-237
-3.14167e-237
