1.3839e-87
1.80666e-87
2.35816e-87
3.07746e-87
4.01544e-87
5.23839e-87
6.83259e-87
8.91036e-87
1.16179e-86
1.51455e-86
1.97407e-86
2.57255e-86
3.35187e-86
4.3665e-86
5.68726e-86
7.4062e-86
9.64297e-86
1.2553e-85
1.63384e-85
2.12615e-85
2.7663e-85
3.59856e-85
4.68037e-85
6.08632e-85
7.91321e-85
1.02866e-84
1.33695e-84
1.73733e-84
2.2572e-84
2.93212e-84
3.80817e-84
4.94508e-84
6.42026e-84
8.33404e-84
1.08164e-83
1.40355e-83
1.82096e-83
2.36208e-83
3.06345e-83
3.97237e-83
5.15005e-83
6.6757e-83
8.65176e-83
1.12108e-82
1.45241e-82
1.88133e-82
2.43648e-82
3.1549e-82
4.08441e-82
5.28685e-82
6.84206e-82
8.85319e-82
1.14534e-81
1.48147e-81
1.91591e-81
2.4773e-81
3.20262e-81
4.13957e-81
5.34968e-81
6.91231e-81
8.92979e-81
1.15341e-80
1.48952e-80
1.92323e-80
2.4828e-80
3.20459e-80
4.1355e-80
5.33587e-80
6.88344e-80
8.87828e-80
1.14492e-79
1.47619e-79
1.90298e-79
2.45273e-79
3.16072e-79
4.07236e-79
5.246e-79
6.75669e-79
8.70086e-79
1.12025e-78
1.44207e-78
1.85603e-78
2.38838e-78
3.07288e-78
3.95285e-78
5.08392e-78
6.53746e-78
8.40509e-78
1.08043e-77
1.3886e-77
1.78435e-77
2.29247e-77
2.94477e-77
3.782e-77
4.8564e-77
6.2349e-77
8.00329e-77
1.02714e-76
1.31799e-76
1.69091e-76
2.16895e-76
2.78165e-76
3.56679e-76
4.57274e-76
5.86134e-76
7.51174e-76
9.62514e-76
1.23309e-75
1.57946e-75
2.02275e-75
2.59e-75
3.31574e-75
4.24409e-75
5.43138e-75
6.94959e-75
8.89059e-75
1.13717e-74
1.45426e-74
1.85944e-74
2.37708e-74
3.0383e-74
3.88274e-74
4.961e-74
6.33758e-74
8.09469e-74
1.03371e-73
1.31984e-73
1.68487e-73
2.15048e-73
2.74426e-73
3.50138e-73
4.46658e-73
5.69684e-73
7.26467e-73
9.26234e-73
1.18072e-72
1.50487e-72
1.91766e-72
2.44324e-72
3.11233e-72
3.96394e-72
5.04767e-72
6.42655e-72
8.18065e-72
1.04117e-71
1.32488e-71
1.6856e-71
2.14415e-71
2.72696e-71
3.46757e-71
4.40853e-71
5.60384e-71
7.12198e-71
9.04979e-71
1.14974e-70
1.46043e-70
1.85476e-70
2.35514e-70
2.98998e-70
3.79527e-70
4.8166e-70
6.11168e-70
7.75359e-70
9.83487e-70
1.24726e-69
1.5815e-69
2.00494e-69
2.54132e-69
3.22061e-69
4.08076e-69
5.16971e-69
6.54808e-69
8.29248e-69
1.04997e-68
1.32921e-68
1.68242e-68
2.1291e-68
2.69389e-68
3.4079e-68
4.3104e-68
5.45093e-68
6.89202e-68
8.71255e-68
1.1012e-67
1.39159e-67
1.75824e-67
2.2211e-67
2.80531e-67
3.54255e-67
4.47274e-67
5.64618e-67
7.12621e-67
8.99259e-67
1.13458e-66
1.43122e-66
1.8051e-66
2.27625e-66
2.86985e-66
3.61762e-66
4.55941e-66
5.74537e-66
7.23852e-66
9.11809e-66
1.14837e-65
1.44604e-65
1.82056e-65
2.29166e-65
2.88415e-65
3.62919e-65
4.56587e-65
5.74328e-65
7.22304e-65
9.08243e-65
1.14185e-64
1.43528e-64
1.80379e-64
2.26652e-64
2.84745e-64
3.57664e-64
4.49177e-64
5.64004e-64
7.08059e-64
8.8875e-64
1.11535e-63
1.39949e-63
1.75569e-63
2.20216e-63
2.76168e-63
3.46274e-63
4.341e-63
5.44105e-63
6.81865e-63
8.54351e-63
1.07028e-62
1.34054e-62
1.67876e-62
2.10192e-62
2.63129e-62
3.2934e-62
4.12138e-62
5.15659e-62
6.45069e-62
8.06812e-62
1.00893e-61
1.26146e-61
1.57691e-61
1.9709e-61
2.46289e-61
3.07714e-61
3.84391e-61
4.80089e-61
5.99506e-61
7.48492e-61
9.34338e-61
1.16612e-60
1.45515e-60
1.81548e-60
2.26464e-60
2.82443e-60
3.52196e-60
4.39097e-60
5.47343e-60
6.82153e-60
8.50015e-60
1.059e-59
1.31912e-59
1.64285e-59
2.04566e-59
2.54678e-59
3.17011e-59
3.94528e-59
4.90914e-59
6.10738e-59
7.59675e-59
9.44764e-59
1.17474e-58
1.46044e-58
1.81529e-58
2.25597e-58
2.80313e-58
3.48237e-58
4.32544e-58
5.37165e-58
6.66973e-58
8.28003e-58
1.02773e-57
1.2754e-57
1.58248e-57
1.96315e-57
2.43495e-57
3.01961e-57
3.74398e-57
4.6413e-57
5.75265e-57
7.12885e-57
8.83271e-57
1.09418e-56
1.35522e-56
1.67824e-56
2.07787e-56
2.57221e-56
3.18359e-56
3.93959e-56
4.87424e-56
6.02957e-56
7.45742e-56
9.22175e-56
1.14015e-55
1.40939e-55
1.74191e-55
2.15249e-55
2.65938e-55
3.28504e-55
4.05719e-55
5.00994e-55
6.18533e-55
7.63511e-55
9.42304e-55
1.16276e-54
1.43453e-54
1.76952e-54
2.18233e-54
2.69098e-54
3.31759e-54
4.08939e-54
5.03983e-54
6.21007e-54
7.65068e-54
9.42381e-54
1.16058e-53
1.42905e-53
1.75931e-53
2.16551e-53
2.66502e-53
3.27916e-53
4.03412e-53
4.96201e-53
6.10223e-53
7.50314e-53
9.22401e-53
1.13376e-52
1.39329e-52
1.71194e-52
2.10308e-52
2.58313e-52
3.1722e-52
3.8949e-52
4.78141e-52
5.86865e-52
7.20184e-52
8.83631e-52
1.08398e-51
1.32952e-51
1.63039e-51
1.99899e-51
2.45048e-51
3.00342e-51
3.68047e-51
4.50934e-51
5.5239e-51
6.76552e-51
8.28476e-51
1.01433e-50
1.24167e-50
1.51968e-50
1.85961e-50
2.27517e-50
2.7831e-50
3.40382e-50
4.16225e-50
5.08875e-50
6.22039e-50
7.60233e-50
9.28963e-50
1.13494e-49
1.38634e-49
1.69313e-49
2.06745e-49
2.52406e-49
3.08098e-49
3.76011e-49
4.58812e-49
5.59747e-49
6.82765e-49
8.32672e-49
1.01531e-48
1.23779e-48
1.50875e-48
1.83871e-48
2.24042e-48
2.72941e-48
3.32453e-48
4.0487e-48
4.92973e-48
6.00142e-48
7.30478e-48
8.88962e-48
1.08164e-47
1.31584e-47
1.60047e-47
1.94633e-47
2.3665e-47
2.87686e-47
3.49667e-47
4.24926e-47
5.1629e-47
6.27189e-47
7.61772e-47
9.2507e-47
1.12317e-46
1.36346e-46
1.65486e-46
2.00817e-46
2.43649e-46
2.95564e-46
3.58476e-46
4.34703e-46
5.27044e-46
6.38888e-46
7.74328e-46
9.38314e-46
1.13683e-45
1.37709e-45
1.66784e-45
2.01962e-45
2.44515e-45
2.95982e-45
3.58219e-45
4.33465e-45
5.24423e-45
6.34356e-45
7.67197e-45
9.27692e-45
1.12156e-44
1.35571e-44
1.63844e-44
1.97979e-44
2.39182e-44
2.8891e-44
3.48914e-44
4.21306e-44
5.08627e-44
6.13937e-44
7.4092e-44
8.94008e-44
1.07853e-43
1.30092e-43
1.56888e-43
1.89169e-43
2.28052e-43
2.74879e-43
3.31261e-43
3.99138e-43
4.80837e-43
5.79157e-43
6.97457e-43
8.39771e-43
1.01094e-42
1.21679e-42
1.4643e-42
1.76183e-42
2.11944e-42
2.54919e-42
3.06552e-42
3.68579e-42
4.43077e-42
5.32539e-42
6.39949e-42
7.68887e-42
9.2364e-42
1.10934e-41
1.33214e-41
1.59941e-41
1.91995e-41
2.30433e-41
2.76516e-41
3.31757e-41
3.97963e-41
4.77296e-41
5.72342e-41
6.86193e-41
8.22545e-41
9.85816e-41
1.18129e-40
1.41526e-40
1.69528e-40
2.03034e-40
2.43119e-40
2.91066e-40
3.48408e-40
4.16972e-40
4.9894e-40
5.96915e-40
7.14001e-40
8.53904e-40
1.02104e-39
1.22067e-39
1.45907e-39
1.74372e-39
2.08353e-39
2.48912e-39
2.97314e-39
3.55065e-39
4.23958e-39
5.06128e-39
6.04116e-39
7.20948e-39
8.60221e-39
1.02622e-38
1.22403e-38
1.4597e-38
1.74045e-38
2.07483e-38
2.473e-38
2.94707e-38
3.51139e-38
4.18302e-38
4.98223e-38
5.93309e-38
7.06416e-38
8.40935e-38
1.00089e-37
1.19107e-37
1.41712e-37
1.68578e-37
2.00501e-37
2.38427e-37
2.83477e-37
3.36978e-37
4.00506e-37
4.75926e-37
5.65448e-37
6.7169e-37
7.97751e-37
9.47303e-37
1.12469e-36
1.33506e-36
1.58449e-36
1.88019e-36
2.23068e-36
2.64604e-36
3.13817e-36
3.72118e-36
4.41171e-36
5.22946e-36
6.19768e-36
7.34385e-36
8.70045e-36
1.03058e-35
1.22052e-35
1.44521e-35
1.71096e-35
2.02522e-35
2.39677e-35
2.83599e-35
3.35509e-35
3.9685e-35
4.69324e-35
5.54934e-35
6.56043e-35
7.75437e-35
9.16396e-35
1.08279e-34
1.27916e-34
1.51088e-34
1.78426e-34
2.10673e-34
2.48704e-34
2.93548e-34
3.46416e-34
4.08733e-34
4.82175e-34
5.68712e-34
6.70661e-34
7.90744e-34
9.32163e-34
1.09868e-33
1.29471e-33
1.52544e-33
1.79698e-33
2.11648e-33
2.49233e-33
2.93441e-33
3.4543e-33
4.06556e-33
4.78415e-33
5.62874e-33
6.62126e-33
7.78741e-33
9.15731e-33
1.07663e-32
1.26557e-32
1.48741e-32
1.74782e-32
2.05345e-32
2.41211e-32
2.8329e-32
3.32651e-32
3.90543e-32
4.58428e-32
5.38019e-32
6.31315e-32
7.40657e-32
8.68783e-32
1.01889e-31
1.19472e-31
1.40065e-31
1.64178e-31
1.92408e-31
2.25452e-31
2.64124e-31
3.09374e-31
3.62313e-31
4.24234e-31
4.9665e-31
5.81324e-31
6.80313e-31
7.96016e-31
9.31232e-31
1.08922e-30
1.27379e-30
1.48937e-30
1.74112e-30
2.03507e-30
2.37822e-30
2.77874e-30
3.24613e-30
3.79147e-30
4.42763e-30
5.16961e-30
6.03486e-30
7.04368e-30
8.21967e-30
9.59031e-30
1.11875e-29
1.30484e-29
1.52161e-29
1.77407e-29
2.06806e-29
2.41034e-29
2.80877e-29
3.27247e-29
3.81205e-29
4.43981e-29
5.17003e-29
6.01928e-29
7.00678e-29
8.15484e-29
9.48933e-29
1.10402e-28
1.28423e-28
1.49359e-28
1.73677e-28
2.01918e-28
2.3471e-28
2.7278e-28
3.16967e-28
3.68247e-28
4.27746e-28
4.96772e-28
5.76833e-28
6.69678e-28
7.77329e-28
9.02125e-28
1.04677e-27
1.21439e-27
1.4086e-27
1.63358e-27
1.89416e-27
2.19591e-27
2.54528e-27
2.94972e-27
3.4178e-27
3.95946e-27
4.58615e-27
5.31109e-27
6.14953e-27
7.11906e-27
8.23998e-27
9.53569e-27
1.10332e-26
1.27636e-26
1.47628e-26
1.7072e-26
1.9739e-26
2.28186e-26
2.63739e-26
3.04778e-26
3.52139e-26
4.06789e-26
4.69835e-26
5.42557e-26
6.26424e-26
7.23125e-26
8.34607e-26
9.63103e-26
1.11119e-25
1.28181e-25
1.47837e-25
1.70477e-25
1.96548e-25
2.26567e-25
2.61125e-25
3.00899e-25
3.46671e-25
3.99334e-25
4.59915e-25
5.29593e-25
6.09719e-25
7.01842e-25
8.07741e-25
9.29454e-25
1.06932e-24
1.23001e-24
1.41459e-24
1.62659e-24
1.87003e-24
2.14951e-24
2.47033e-24
2.83853e-24
3.26103e-24
3.74574e-24
4.30174e-24
4.93939e-24
5.67055e-24
6.50879e-24
7.46961e-24
8.57073e-24
9.83244e-24
1.12779e-23
1.29335e-23
1.48295e-23
1.70005e-23
1.94858e-23
2.23305e-23
2.55859e-23
2.93107e-23
3.35718e-23
3.84455e-23
4.40189e-23
5.03914e-23
5.76761e-23
6.60021e-23
7.55167e-23
8.63874e-23
9.88055e-23
1.12989e-22
1.29185e-22
1.47676e-22
1.68784e-22
1.92875e-22
2.20365e-22
2.51729e-22
2.87506e-22
3.28308e-22
3.74835e-22
4.2788e-22
4.88344e-22
5.57253e-22
6.35773e-22
7.25228e-22
8.27123e-22
9.43166e-22
1.0753e-21
1.22572e-21
1.39694e-21
1.5918e-21
1.81351e-21
2.06574e-21
2.35262e-21
2.67888e-21
3.04983e-21
3.47154e-21
3.95085e-21
4.49555e-21
5.11442e-21
5.81747e-21
6.61597e-21
7.52275e-21
8.55228e-21
9.72099e-21
1.10474e-20
1.25526e-20
1.42604e-20
1.61976e-20
1.83947e-20
2.08862e-20
2.37108e-20
2.69127e-20
3.05415e-20
3.46535e-20
3.93121e-20
4.4589e-20
5.05653e-20
5.73323e-20
6.49935e-20
7.36653e-20
8.34792e-20
9.45839e-20
1.07147e-19
1.21356e-19
1.37426e-19
1.55596e-19
1.76137e-19
1.99355e-19
2.25593e-19
2.55238e-19
2.88729e-19
3.26555e-19
3.69271e-19
4.17501e-19
4.71946e-19
5.33396e-19
6.02741e-19
6.80979e-19
7.69236e-19
8.68777e-19
9.81025e-19
1.10758e-18
1.25024e-18
1.41102e-18
1.59219e-18
1.7963e-18
2.02623e-18
2.28518e-18
2.57676e-18
2.90503e-18
3.27454e-18
3.69039e-18
4.15831e-18
4.68474e-18
5.27686e-18
5.94277e-18
6.69153e-18
7.53329e-18
8.47943e-18
9.5427e-18
1.07374e-17
1.20795e-17
1.35869e-17
1.52798e-17
1.71805e-17
1.93142e-17
2.17091e-17
2.43966e-17
2.74119e-17
3.07944e-17
3.45881e-17
3.88423e-17
4.3612e-17
4.89587e-17
5.4951e-17
6.16659e-17
6.91891e-17
7.76162e-17
8.70543e-17
9.76226e-17
1.09455e-16
1.22699e-16
1.37521e-16
1.54106e-16
1.72661e-16
1.93416e-16
2.16627e-16
2.4258e-16
2.71594e-16
3.04025e-16
3.40267e-16
3.80763e-16
4.26001e-16
4.7653e-16
5.32958e-16
5.95962e-16
6.66294e-16
7.44795e-16
8.32397e-16
9.30137e-16
1.03917e-15
1.16077e-15
1.29638e-15
1.44757e-15
1.61611e-15
1.80395e-15
2.01326e-15
2.24646e-15
2.50622e-15
2.79553e-15
3.11767e-15
3.47633e-15
3.87555e-15
4.31985e-15
4.81423e-15
5.36424e-15
5.97602e-15
6.65638e-15
7.41289e-15
8.25391e-15
9.18872e-15
1.02276e-14
1.13819e-14
1.26642e-14
1.40884e-14
1.56701e-14
1.74262e-14
1.93757e-14
2.15395e-14
2.39406e-14
2.66047e-14
2.956e-14
3.28377e-14
3.64723e-14
4.05021e-14
4.49691e-14
4.992e-14
5.5406e-14
6.1484e-14
6.82166e-14
7.5673e-14
8.39294e-14
9.30702e-14
1.03188e-13
1.14386e-13
1.26776e-13
1.40483e-13
1.55645e-13
1.72412e-13
1.90952e-13
2.11447e-13
2.34101e-13
2.59136e-13
2.86798e-13
3.17355e-13
3.51106e-13
3.88377e-13
4.29528e-13
4.74955e-13
5.25094e-13
5.80421e-13
6.41465e-13
7.08802e-13
7.83069e-13
8.64964e-13
9.55253e-13
1.05478e-12
1.16447e-12
1.28534e-12
1.4185e-12
1.56518e-12
1.72672e-12
1.90459e-12
2.10041e-12
2.31595e-12
2.55316e-12
2.81416e-12
3.1013e-12
3.41712e-12
3.76444e-12
4.14632e-12
4.56613e-12
5.02755e-12
5.53461e-12
6.09173e-12
6.70374e-12
7.37592e-12
8.11406e-12
8.92449e-12
9.81411e-12
1.07905e-11
1.18619e-11
1.30374e-11
1.43268e-11
1.57409e-11
1.72916e-11
1.89916e-11
2.08551e-11
2.28973e-11
2.51351e-11
2.75867e-11
3.02719e-11
3.32127e-11
3.64327e-11
3.99577e-11
4.3816e-11
4.80383e-11
5.26582e-11
5.7712e-11
6.32397e-11
6.92845e-11
7.58936e-11
8.31184e-11
9.10147e-11
9.96435e-11
1.09071e-10
1.19369e-10
1.30617e-10
1.42898e-10
1.56307e-10
1.70943e-10
1.86917e-10
2.04347e-10
2.23363e-10
2.44105e-10
2.66726e-10
2.91391e-10
3.1828e-10
3.47589e-10
3.79529e-10
4.14331e-10
4.52244e-10
4.93538e-10
5.38506e-10
5.87468e-10
6.40767e-10
6.98777e-10
7.61904e-10
8.30587e-10
9.05299e-10
9.86557e-10
1.07492e-09
1.17098e-09
1.27541e-09
1.3889e-09
1.51222e-09
1.64619e-09
1.79172e-09
1.94977e-09
2.12138e-09
2.30768e-09
2.5099e-09
2.72936e-09
2.96747e-09
3.22579e-09
3.50597e-09
3.8098e-09
4.13923e-09
4.49635e-09
4.88341e-09
5.30285e-09
5.75728e-09
6.24956e-09
6.78271e-09
7.36004e-09
7.9851e-09
8.66169e-09
9.39395e-09
1.01863e-08
1.10435e-08
1.19707e-08
1.29735e-08
1.40578e-08
1.523e-08
1.6497e-08
1.78662e-08
1.93456e-08
2.09438e-08
2.267e-08
2.45341e-08
2.65468e-08
2.87195e-08
3.10645e-08
3.3595e-08
3.63251e-08
3.92702e-08
4.24465e-08
4.58715e-08
4.95641e-08
5.35443e-08
5.7834e-08
6.24562e-08
6.74359e-08
7.27996e-08
7.8576e-08
8.47956e-08
9.14913e-08
9.86981e-08
1.06454e-07
1.14798e-07
1.23775e-07
1.3343e-07
1.43812e-07
1.54975e-07
1.66975e-07
1.79872e-07
1.9373e-07
2.08619e-07
2.24613e-07
2.41789e-07
2.60233e-07
2.80034e-07
3.01288e-07
3.24097e-07
3.48572e-07
3.74827e-07
4.02989e-07
4.3319e-07
4.65572e-07
5.00285e-07
5.3749e-07
5.7736e-07
6.20077e-07
6.65836e-07
7.14845e-07
7.67325e-07
8.23511e-07
8.83654e-07
9.48021e-07
1.0169e-06
1.09058e-06
1.1694e-06
1.25369e-06
1.34381e-06
1.44016e-06
1.54314e-06
1.6532e-06
1.77078e-06
1.8964e-06
2.03056e-06
2.17383e-06
2.32679e-06
2.49007e-06
2.66434e-06
2.85029e-06
3.04869e-06
3.26031e-06
3.486e-06
3.72665e-06
3.98321e-06
4.25667e-06
4.5481e-06
4.85862e-06
5.18942e-06
5.54175e-06
5.91695e-06
6.31644e-06
6.74169e-06
7.19429e-06
7.67592e-06
8.18833e-06
8.7334e-06
9.3131e-06
9.9295e-06
1.05848e-05
1.12814e-05
1.20217e-05
1.28082e-05
1.36438e-05
1.45314e-05
1.54739e-05
1.64746e-05
1.7537e-05
1.86645e-05
1.98609e-05
2.11304e-05
2.24769e-05
2.3905e-05
2.54193e-05
2.70248e-05
2.87265e-05
3.053e-05
3.2441e-05
3.44654e-05
3.66096e-05
3.88803e-05
4.12845e-05
4.38297e-05
4.65234e-05
4.93739e-05
5.23897e-05
5.55799e-05
5.89539e-05
6.25215e-05
6.62933e-05
7.02801e-05
7.44934e-05
7.89453e-05
8.36483e-05
8.86158e-05
9.38616e-05
9.94003e-05
0.000105247
0.000111418
0.00011793
0.0001248
0.000132047
0.000139689
0.000147748
0.000156244
0.0001652
0.000174637
0.000184581
0.000195056
0.00020609
0.000217708
0.000229941
0.000242818
0.00025637
0.000270631
0.000285634
0.000301415
0.000318012
0.000335463
0.000353808
0.000373091
0.000393354
0.000414645
0.00043701
0.000460499
0.000485165
0.000511061
0.000538243
0.000566771
0.000596704
0.000628107
0.000661045
0.000695586
0.000731802
0.000769767
0.000809558
0.000851254
0.000894939
0.000940698
0.000988621
0.0010388
0.00109133
0.00114632
0.00120386
0.00126407
0.00132705
0.00139292
0.0014618
0.00153381
0.00160909
0.00168776
0.00176996
0.00185583
0.00194553
0.0020392
0.00213699
0.00223908
0.00234563
0.00245682
0.00257281
0.00269381
0.00281999
0.00295156
0.00308872
0.00323167
0.00338064
0.00353586
0.00369754
0.00386592
0.00404125
0.00422379
0.00441379
0.00461151
0.00481723
0.00503124
0.00525382
0.00548527
0.0057259
0.00597602
0.00623596
0.00650605
0.00678664
0.00707806
0.00738068
0.00769488
0.00802103
0.00835951
0.00871073
0.00907509
0.00945301
0.00984492
0.0102513
0.0106725
0.011109
0.0115613
0.01203
0.0125153
0.013018
0.0135384
0.0140772
0.0146348
0.0152117
0.0158086
0.016426
0.0170645
0.0177246
0.018407
0.0191123
0.0198411
0.020594
0.0213717
0.0221748
0.023004
0.0238599
0.0247433
0.0256549
0.0265953
0.0275652
0.0285655
0.0295968
0.0306599
0.0317555
0.0328844
0.0340475
0.0352453
0.0364789
0.0377489
0.0390561
0.0404015
0.0417857
0.0432098
0.0446744
0.0461804
0.0477287
0.0493202
0.0509556
0.052636
0.0543621
0.0561348
0.057955
0.0598236
0.0617414
0.0637095
0.0657285
0.0677995
0.0699234
0.0721009
0.074333
0.0766206
0.0789646
0.0813658
0.0838251
0.0863435
0.0889216
0.0915605
0.0942609
0.0970237
0.0998497
0.10274
0.105695
0.108715
0.111802
0.114957
0.118179
0.12147
0.12483
0.128261
0.131762
0.135335
0.13898
0.142698
0.14649
0.150355
0.154295
0.15831
0.162401
0.166567
0.170811
0.175131
0.179528
0.184004
0.188557
0.193188
0.197899
0.202688
0.207556
0.212503
0.217529
0.222635
0.22782
0.233084
0.238428
0.24385
0.249352
0.254933
0.260592
0.266329
0.272144
0.278037
0.284007
0.290054
0.296176
0.302375
0.308647
0.314995
0.321415
0.327908
0.334473
0.341108
0.347813
0.354588
0.361429
0.368338
0.375311
0.382349
0.389449
0.396611
0.403832
0.411112
0.418449
0.425841
0.433287
0.440784
0.448332
0.455927
0.463569
0.471255
0.478984
0.486752
0.494559
0.502402
0.510278
0.518185
0.526122
0.534085
0.542072
0.550081
0.55811
0.566154
0.574213
0.582282
0.59036
0.598444
0.606531
0.614617
0.622701
0.630779
0.638848
0.646905
0.654948
0.662972
0.670976
0.678955
0.686908
0.694829
0.702718
0.710569
0.718381
0.726149
0.733871
0.741543
0.749162
0.756725
0.764228
0.771669
0.779043
0.786348
0.793581
0.800737
0.807815
0.81481
0.82172
0.828541
0.83527
0.841904
0.84844
0.854875
0.861205
0.867428
0.873541
0.879541
0.885424
0.891188
0.89683
0.902348
0.907738
0.912997
0.918125
0.923116
0.92797
0.932684
0.937255
0.941681
0.945959
0.950089
0.954066
0.95789
0.961558
0.965069
0.96842
0.971611
0.974638
0.977501
0.980199
0.982729
0.98509
0.987282
0.989302
0.991151
0.992826
0.994327
0.995654
0.996805
0.99778
0.998579
0.9992
0.999645
0.999911
1
0.999911
0.999645
0.9992
0.998579
0.99778
0.996805
0.995654
0.994327
0.992826
0.991151
0.989302
0.987282
0.98509
0.982729
0.980199
0.977501
0.974638
0.971611
0.96842
0.965069
0.961558
0.95789
0.954066
0.950089
0.945959
0.941681
0.937255
0.932684
0.92797
0.923116
0.918125
0.912997
0.907738
0.902348
0.89683
0.891188
0.885424
0.879541
0.873541
0.867428
0.861205
0.854875
0.84844
0.841904
0.83527
0.828541
0.82172
0.81481
0.807815
0.800737
0.793581
0.786348
0.779043
0.771669
0.764228
0.756725
0.749162
0.741543
0.733871
0.726149
0.718381
0.710569
0.702718
0.694829
0.686908
0.678955
0.670976
0.662972
0.654948
0.646905
0.638848
0.630779
0.622701
0.614617
0.606531
0.598444
0.59036
0.582282
0.574213
0.566154
0.55811
0.550081
0.542072
0.534085
0.526122
0.518185
0.510278
0.502402
0.494559
0.486752
0.478984
0.471255
0.463569
0.455927
0.448332
0.440784
0.433287
0.425841
0.418449
0.411112
0.403832
0.396611
0.389449
0.382349
0.375311
0.368338
0.361429
0.354588
0.347813
0.341108
0.334473
0.327908
0.321415
0.314995
0.308647
0.302375
0.296176
0.290054
0.284007
0.278037
0.272144
0.266329
0.260592
0.254933
0.249352
0.24385
0.238428
0.233084
0.22782
0.222635
0.217529
0.212503
0.207556
0.202688
0.197899
0.193188
0.188557
0.184004
0.179528
0.175131
0.170811
0.166567
0.162401
0.15831
0.154295
0.150355
0.14649
0.142698
0.13898
0.135335
0.131762
0.128261
0.12483
0.12147
0.118179
0.114957
0.111802
0.108715
0.105695
0.10274
0.0998497
0.0970237
0.0942609
0.0915605
0.0889216
0.0863435
0.0838251
0.0813658
0.0789646
0.0766206
0.074333
0.0721009
0.0699234
0.0677995
0.0657285
0.0637095
0.0617414
0.0598236
0.057955
0.0561348
0.0543621
0.052636
0.0509556
0.0493202
0.0477287
0.0461804
0.0446744
0.0432098
0.0417857
0.0404015
0.0390561
0.0377489
0.0364789
0.0352453
0.0340475
0.0328844
0.0317555
0.0306599
0.0295968
0.0285655
0.0275652
0.0265953
0.0256549
0.0247433
0.0238599
0.023004
0.0221748
0.0213717
0.020594
0.0198411
0.0191123
0.018407
0.0177246
0.0170645
0.016426
0.0158086
0.0152117
0.0146348
0.0140772
0.0135384
0.013018
0.0125153
0.01203
0.0115613
0.011109
0.0106725
0.0102513
0.00984492
0.00945301
0.00907509
0.00871073
0.00835951
0.00802103
0.00769488
0.00738068
0.00707806
0.00678664
0.00650605
0.00623596
0.00597602
0.0057259
0.00548527
0.00525382
0.00503124
0.00481723
0.00461151
0.00441379
0.00422379
0.00404125
0.00386592
0.00369754
0.00353586
0.00338064
0.00323167
0.00308872
0.00295156
0.00281999
0.00269381
0.00257281
0.00245682
0.00234563
0.00223908
0.00213699
0.0020392
0.00194553
0.00185583
0.00176996
0.00168776
0.00160909
0.00153381
0.0014618
0.00139292
0.00132705
0.00126407
0.00120386
0.00114632
0.00109133
0.0010388
0.000988621
0.000940698
0.000894939
0.000851254
0.000809558
0.000769767
0.000731802
0.000695586
0.000661045
0.000628107
0.000596704
0.000566771
0.000538243
0.000511061
0.000485165
0.000460499
0.00043701
0.000414645
0.000393354
0.000373091
0.000353808
0.000335463
0.000318012
0.000301415
0.000285634
0.000270631
0.00025637
0.000242818
0.000229941
0.000217708
0.00020609
0.000195056
0.000184581
0.000174637
0.0001652
0.000156244
0.000147748
0.000139689
0.000132047
0.0001248
0.00011793
0.000111418
0.000105247
9.94003e-05
9.38616e-05
8.86158e-05
8.36483e-05
7.89453e-05
7.44934e-05
7.02801e-05
6.62933e-05
6.25215e-05
5.89539e-05
5.55799e-05
5.23897e-05
4.93739e-05
4.65234e-05
4.38297e-05
4.12845e-05
3.88803e-05
3.66096e-05
3.44654e-05
3.2441e-05
3.053e-05
2.87265e-05
2.70248e-05
2.54193e-05
2.3905e-05
2.24769e-05
2.11304e-05
1.98609e-05
1.86645e-05
1.7537e-05
1.64746e-05
1.54739e-05
1.45314e-05
1.36438e-05
1.28082e-05
1.20217e-05
1.12814e-05
1.05848e-05
9.9295e-06
9.3131e-06
8.7334e-06
8.18833e-06
7.67592e-06
7.19429e-06
6.74169e-06
6.31644e-06
5.91695e-06
5.54175e-06
5.18942e-06
4.85862e-06
4.5481e-06
4.25667e-06
3.98321e-06
3.72665e-06
3.486e-06
3.26031e-06
3.04869e-06
2.85029e-06
2.66434e-06
2.49007e-06
2.32679e-06
2.17383e-06
2.03056e-06
1.8964e-06
1.77078e-06
1.6532e-06
1.54314e-06
1.44016e-06
1.34381e-06
1.25369e-06
1.1694e-06
1.09058e-06
1.0169e-06
9.48021e-07
8.83654e-07
8.23511e-07
7.67325e-07
7.14845e-07
6.65836e-07
6.20077e-07
5.7736e-07
5.3749e-07
5.00285e-07
4.65572e-07
4.3319e-07
4.02989e-07
3.74827e-07
3.48572e-07
3.24097e-07
3.01288e-07
2.80034e-07
2.60233e-07
2.41789e-07
2.24613e-07
2.08619e-07
1.9373e-07
1.79872e-07
1.66975e-07
1.54975e-07
1.43812e-07
1.3343e-07
1.23775e-07
1.14798e-07
1.06454e-07
9.86981e-08
9.14913e-08
8.47956e-08
7.8576e-08
7.27996e-08
6.74359e-08
6.24562e-08
5.7834e-08
5.35443e-08
4.95641e-08
4.58715e-08
4.24465e-08
3.92702e-08
3.63251e-08
3.3595e-08
3.10645e-08
2.87195e-08
2.65468e-08
2.45341e-08
2.267e-08
2.09438e-08
1.93456e-08
1.78662e-08
1.6497e-08
1.523e-08
1.40578e-08
1.29735e-08
1.19707e-08
1.10435e-08
1.01863e-08
9.39395e-09
8.66169e-09
7.9851e-09
7.36004e-09
6.78271e-09
6.24956e-09
5.75728e-09
5.30285e-09
4.88341e-09
4.49635e-09
4.13923e-09
3.8098e-09
3.50597e-09
3.22579e-09
2.96747e-09
2.72936e-09
2.5099e-09
2.30768e-09
2.12138e-09
1.94977e-09
1.79172e-09
1.64619e-09
1.51222e-09
1.3889e-09
1.27541e-09
1.17098e-09
1.07492e-09
9.86557e-10
9.05299e-10
8.30587e-10
7.61904e-10
6.98777e-10
6.40767e-10
5.87468e-10
5.38506e-10
4.93538e-10
4.52244e-10
4.14331e-10
3.79529e-10
3.47589e-10
3.1828e-10
2.91391e-10
2.66726e-10
2.44105e-10
2.23363e-10
2.04347e-10
1.86917e-10
1.70943e-10
1.56307e-10
1.42898e-10
1.30617e-10
1.19369e-10
1.09071e-10
9.96435e-11
9.10147e-11
8.31184e-11
7.58936e-11
6.92845e-11
6.32397e-11
5.7712e-11
5.26582e-11
4.80383e-11
4.3816e-11
3.99577e-11
3.64327e-11
3.32127e-11
3.02719e-11
2.75867e-11
2.51351e-11
2.28973e-11
2.08551e-11
1.89916e-11
1.72916e-11
1.57409e-11
1.43268e-11
1.30374e-11
1.18619e-11
1.07905e-11
9.81411e-12
8.92449e-12
8.11406e-12
7.37592e-12
6.70374e-12
6.09173e-12
5.53461e-12
5.02755e-12
4.56613e-12
4.14632e-12
3.76444e-12
3.41712e-12
3.1013e-12
2.81416e-12
2.55316e-12
2.31595e-12
2.10041e-12
1.90459e-12
1.72672e-12
1.56518e-12
1.4185e-12
1.28534e-12
1.16447e-12
1.05478e-12
9.55253e-13
8.64964e-13
7.83069e-13
7.08802e-13
6.41465e-13
5.80421e-13
5.25094e-13
4.74955e-13
4.29528e-13
3.88377e-13
3.51106e-13
3.17355e-13
2.86798e-13
2.59136e-13
2.34101e-13
2.11447e-13
1.90952e-13
1.72412e-13
1.55645e-13
1.40483e-13
1.26776e-13
1.14386e-13
1.03188e-13
9.30702e-14
8.39294e-14
7.5673e-14
6.82166e-14
6.1484e-14
5.5406e-14
4.992e-14
4.49691e-14
4.05021e-14
3.64723e-14
3.28377e-14
2.956e-14
2.66047e-14
2.39406e-14
2.15395e-14
1.93757e-14
1.74262e-14
1.56701e-14
1.40884e-14
1.26642e-14
1.13819e-14
1.02276e-14
9.18872e-15
8.25391e-15
7.41289e-15
6.65638e-15
5.97602e-15
5.36424e-15
4.81423e-15
4.31985e-15
3.87555e-15
3.47633e-15
3.11767e-15
2.79553e-15
2.50622e-15
2.24646e-15
2.01326e-15
1.80395e-15
1.61611e-15
1.44757e-15
1.29638e-15
1.16077e-15
1.03917e-15
9.30137e-16
8.32397e-16
7.44795e-16
6.66294e-16
5.95962e-16
5.32958e-16
4.7653e-16
4.26001e-16
3.80763e-16
3.40267e-16
3.04025e-16
2.71594e-16
2.4258e-16
2.16627e-16
1.93416e-16
1.72661e-16
1.54106e-16
1.37521e-16
1.22699e-16
1.09455e-16
9.76226e-17
8.70543e-17
7.76162e-17
6.91891e-17
6.16659e-17
5.4951e-17
4.89587e-17
4.3612e-17
3.88423e-17
3.45881e-17
3.07944e-17
2.74119e-17
2.43966e-17
2.17091e-17
1.93142e-17
1.71805e-17
1.52798e-17
1.35869e-17
1.20795e-17
1.07374e-17
9.5427e-18
8.47943e-18
7.53329e-18
6.69153e-18
5.94277e-18
5.27686e-18
4.68474e-18
4.15831e-18
3.69039e-18
3.27454e-18
2.90503e-18
2.57676e-18
2.28518e-18
2.02623e-18
1.7963e-18
1.59219e-18
1.41102e-18
1.25024e-18
1.10758e-18
9.81025e-19
8.68777e-19
7.69236e-19
6.80979e-19
6.02741e-19
5.33396e-19
4.71946e-19
4.17501e-19
3.69271e-19
3.26555e-19
2.88729e-19
2.55238e-19
2.25593e-19
1.99355e-19
1.76137e-19
1.55596e-19
1.37426e-19
1.21356e-19
1.07147e-19
9.45839e-20
8.34792e-20
7.36653e-20
6.49935e-20
5.73323e-20
5.05653e-20
4.4589e-20
3.93121e-20
3.46535e-20
3.05415e-20
2.69127e-20
2.37108e-20
2.08862e-20
1.83947e-20
1.61976e-20
1.42604e-20
1.25526e-20
1.10474e-20
9.72099e-21
8.55228e-21
7.52275e-21
6.61597e-21
5.81747e-21
5.11442e-21
4.49555e-21
3.95085e-21
3.47154e-21
3.04983e-21
2.67888e-21
2.35262e-21
2.06574e-21
1.81351e-21
1.5918e-21
1.39694e-21
1.22572e-21
1.0753e-21
9.43166e-22
8.27123e-22
7.25228e-22
6.35773e-22
5.57253e-22
4.88344e-22
4.2788e-22
3.74835e-22
3.28308e-22
2.87506e-22
2.51729e-22
2.20365e-22
1.92875e-22
1.68784e-22
1.47676e-22
1.29185e-22
1.12989e-22
9.88055e-23
8.63874e-23
7.55167e-23
6.60021e-23
5.76761e-23
5.03914e-23
4.40189e-23
3.84455e-23
3.35718e-23
2.93107e-23
2.55859e-23
2.23305e-23
1.94858e-23
1.70005e-23
1.48295e-23
1.29335e-23
1.12779e-23
9.83244e-24
8.57073e-24
7.46961e-24
6.50879e-24
5.67055e-24
4.93939e-24
4.30174e-24
3.74574e-24
3.26103e-24
2.83853e-24
2.47033e-24
2.14951e-24
1.87003e-24
1.62659e-24
1.41459e-24
1.23001e-24
1.06932e-24
9.29454e-25
8.07741e-25
7.01842e-25
6.09719e-25
5.29593e-25
4.59915e-25
3.99334e-25
3.46671e-25
3.00899e-25
2.61125e-25
2.26567e-25
1.96548e-25
1.70477e-25
1.47837e-25
1.28181e-25
1.11119e-25
9.63103e-26
8.34607e-26
7.23125e-26
6.26424e-26
5.42557e-26
4.69835e-26
4.06789e-26
3.52139e-26
3.04778e-26
2.63739e-26
2.28186e-26
1.9739e-26
1.7072e-26
1.47628e-26
1.27636e-26
1.10332e-26
9.53569e-27
8.23998e-27
7.11906e-27
6.14953e-27
5.31109e-27
4.58615e-27
3.95946e-27
3.4178e-27
2.94972e-27
2.54528e-27
2.19591e-27
1.89416e-27
1.63358e-27
1.4086e-27
1.21439e-27
1.04677e-27
9.02125e-28
7.77329e-28
6.69678e-28
5.76833e-28
4.96772e-28
4.27746e-28
3.68247e-28
3.16967e-28
2.7278e-28
2.3471e-28
2.01918e-28
1.73677e-28
1.49359e-28
1.28423e-28
1.10402e-28
9.48933e-29
8.15484e-29
7.00678e-29
6.01928e-29
5.17003e-29
4.43981e-29
3.81205e-29
3.27247e-29
2.80877e-29
2.41034e-29
2.06806e-29
1.77407e-29
1.52161e-29
1.30484e-29
1.11875e-29
9.59031e-30
8.21967e-30
7.04368e-30
6.03486e-30
5.16961e-30
4.42763e-30
3.79147e-30
3.24613e-30
2.77874e-30
2.37822e-30
2.03507e-30
1.74112e-30
1.48937e-30
1.27379e-30
1.08922e-30
9.31232e-31
7.96016e-31
6.80313e-31
5.81324e-31
4.9665e-31
4.24234e-31
3.62313e-31
3.09374e-31
2.64124e-31
2.25452e-31
1.92408e-31
1.64178e-31
1.40065e-31
1.19472e-31
1.01889e-31
8.68783e-32
7.40657e-32
6.31315e-32
5.38019e-32
4.58428e-32
3.90543e-32
3.32651e-32
2.8329e-32
2.41211e-32
2.05345e-32
1.74782e-32
1.48741e-32
1.26557e-32
1.07663e-32
9.15731e-33
7.78741e-33
6.62126e-33
5.62874e-33
4.78415e-33
4.06556e-33
3.4543e-33
2.93441e-33
2.49233e-33
2.11648e-33
1.79698e-33
1.52544e-33
1.29471e-33
1.09868e-33
9.32163e-34
7.90744e-34
6.70661e-34
5.68712e-34
4.82175e-34
4.08733e-34
3.46416e-34
2.93548e-34
2.48704e-34
2.10673e-34
1.78426e-34
1.51088e-34
1.27916e-34
1.08279e-34
9.16396e-35
7.75437e-35
6.56043e-35
5.54934e-35
4.69324e-35
3.9685e-35
3.35509e-35
2.83599e-35
2.39677e-35
2.02522e-35
1.71096e-35
1.44521e-35
1.22052e-35
1.03058e-35
8.70045e-36
7.34385e-36
6.19768e-36
5.22946e-36
4.41171e-36
3.72118e-36
3.13817e-36
2.64604e-36
2.23068e-36
1.88019e-36
1.58449e-36
1.33506e-36
1.12469e-36
9.47303e-37
7.97751e-37
6.7169e-37
5.65448e-37
4.75926e-37
4.00506e-37
3.36978e-37
2.83477e-37
2.38427e-37
2.00501e-37
1.68578e-37
1.41712e-37
1.19107e-37
1.00089e-37
8.40935e-38
7.06416e-38
5.93309e-38
4.98223e-38
4.18302e-38
3.51139e-38
2.94707e-38
2.473e-38
2.07483e-38
1.74045e-38
1.4597e-38
1.22403e-38
1.02622e-38
8.60221e-39
7.20948e-39
6.04116e-39
5.06128e-39
4.23958e-39
3.55065e-39
2.97314e-39
2.48912e-39
2.08353e-39
1.74372e-39
1.45907e-39
1.22067e-39
1.02104e-39
8.53904e-40
7.14001e-40
5.96915e-40
4.9894e-40
4.16972e-40
3.48408e-40
2.91066e-40
2.43119e-40
2.03034e-40
1.69528e-40
1.41526e-40
1.18129e-40
9.85816e-41
8.22545e-41
6.86193e-41
5.72342e-41
4.77296e-41
3.97963e-41
3.31757e-41
2.76516e-41
2.30433e-41
1.91995e-41
1.59941e-41
1.33214e-41
1.10934e-41
9.2364e-42
7.68887e-42
6.39949e-42
5.32539e-42
4.43077e-42
3.68579e-42
3.06552e-42
2.54919e-42
2.11944e-42
1.76183e-42
1.4643e-42
1.21679e-42
1.01094e-42
8.39771e-43
6.97457e-43
5.79157e-43
4.80837e-43
3.99138e-43
3.31261e-43
2.74879e-43
2.28052e-43
1.89169e-43
1.56888e-43
1.30092e-43
1.07853e-43
8.94008e-44
7.4092e-44
6.13937e-44
5.08627e-44
4.21306e-44
3.48914e-44
2.8891e-44
2.39182e-44
1.97979e-44
1.63844e-44
1.35571e-44
1.12156e-44
9.27692e-45
7.67197e-45
6.34356e-45
5.24423e-45
4.33465e-45
3.58219e-45
2.95982e-45
2.44515e-45
2.01962e-45
1.66784e-45
1.37709e-45
1.13683e-45
9.38314e-46
7.74328e-46
6.38888e-46
5.27044e-46
4.34703e-46
3.58476e-46
2.95564e-46
2.43649e-46
2.00817e-46
1.65486e-46
1.36346e-46
1.12317e-46
9.2507e-47
7.61772e-47
6.27189e-47
5.1629e-47
4.24926e-47
3.49667e-47
2.87686e-47
2.3665e-47
1.94633e-47
1.60047e-47
1.31584e-47
1.08164e-47
8.88962e-48
7.30478e-48
6.00142e-48
4.92973e-48
4.0487e-48
3.32453e-48
2.72941e-48
2.24042e-48
1.83871e-48
1.50875e-48
1.23779e-48
1.01531e-48
8.32672e-49
6.82765e-49
5.59747e-49
4.58812e-49
3.76011e-49
3.08098e-49
2.52406e-49
2.06745e-49
1.69313e-49
1.38634e-49
1.13494e-49
9.28963e-50
7.60233e-50
6.22039e-50
5.08875e-50
4.16225e-50
3.40382e-50
2.7831e-50
2.27517e-50
1.85961e-50
1.51968e-50
1.24167e-50
1.01433e-50
8.28476e-51
6.76552e-51
5.5239e-51
4.50934e-51
3.68047e-51
3.00342e-51
2.45048e-51
1.99899e-51
1.63039e-51
1.32952e-51
1.08398e-51
8.83631e-52
7.20184e-52
5.86865e-52
4.78141e-52
3.8949e-52
3.1722e-52
2.58313e-52
2.10308e-52
1.71194e-52
1.39329e-52
1.13376e-52
9.22401e-53
7.50314e-53
6.10223e-53
4.96201e-53
4.03412e-53
3.27916e-53
2.66502e-53
2.16551e-53
1.75931e-53
1.42905e-53
1.16058e-53
9.42381e-54
7.65068e-54
6.21007e-54
5.03983e-54
4.08939e-54
3.31759e-54
2.69098e-54
2.18233e-54
1.76952e-54
1.43453e-54
1.16276e-54
9.42304e-55
7.63511e-55
6.18533e-55
5.00994e-55
4.05719e-55
3.28504e-55
2.65938e-55
2.15249e-55
1.74191e-55
1.40939e-55
1.14015e-55
9.22175e-56
7.45742e-56
6.02957e-56
4.87424e-56
3.93959e-56
3.18359e-56
2.57221e-56
2.07787e-56
1.67824e-56
1.35522e-56
1.09418e-56
8.83271e-57
7.12885e-57
5.75265e-57
4.6413e-57
3.74398e-57
3.01961e-57
2.43495e-57
1.96315e-57
1.58248e-57
1.2754e-57
1.02773e-57
8.28003e-58
6.66973e-58
5.37165e-58
4.32544e-58
3.48237e-58
2.80313e-58
2.25597e-58
1.81529e-58
1.46044e-58
1.17474e-58
9.44764e-59
7.59675e-59
6.10738e-59
4.90914e-59
3.94528e-59
3.17011e-59
2.54678e-59
2.04566e-59
1.64285e-59
1.31912e-59
1.059e-59
8.50015e-60
6.82153e-60
5.47343e-60
4.39097e-60
3.52196e-60
2.82443e-60
2.26464e-60
1.81548e-60
1.45515e-60
1.16612e-60
9.34338e-61
7.48492e-61
5.99506e-61
4.80089e-61
3.84391e-61
3.07714e-61
2.46289e-61
1.9709e-61
1.57691e-61
1.26146e-61
1.00893e-61
8.06812e-62
6.45069e-62
5.15659e-62
4.12138e-62
3.2934e-62
2.63129e-62
2.10192e-62
1.67876e-62
1.34054e-62
1.07028e-62
8.54351e-63
6.81865e-63
5.44105e-63
4.341e-63
3.46274e-63
2.76168e-63
2.20216e-63
1.75569e-63
1.39949e-63
1.11535e-63
8.8875e-64
7.08059e-64
5.64004e-64
4.49177e-64
3.57664e-64
2.84745e-64
2.26652e-64
1.80379e-64
1.43528e-64
1.14185e-64
9.08243e-65
7.22304e-65
5.74328e-65
4.56587e-65
3.62919e-65
2.88415e-65
2.29166e-65
1.82056e-65
1.44604e-65
1.14837e-65
9.11809e-66
7.23852e-66
5.74537e-66
4.55941e-66
3.61762e-66
2.86985e-66
2.27625e-66
1.8051e-66
1.43122e-66
1.13458e-66
8.99259e-67
7.12621e-67
5.64618e-67
4.47274e-67
3.54255e-67
2.80531e-67
2.2211e-67
1.75824e-67
1.39159e-67
1.1012e-67
8.71255e-68
6.89202e-68
5.45093e-68
4.3104e-68
3.4079e-68
2.69389e-68
2.1291e-68
1.68242e-68
1.32921e-68
1.04997e-68
8.29248e-69
6.54808e-69
5.16971e-69
4.08076e-69
3.22061e-69
2.54132e-69
2.00494e-69
1.5815e-69
1.24726e-69
9.83487e-70
7.75359e-70
6.11168e-70
4.8166e-70
3.79527e-70
2.98998e-70
2.35514e-70
1.85476e-70
1.46043e-70
1.14974e-70
9.04979e-71
7.12198e-71
5.60384e-71
4.40853e-71
3.46757e-71
2.72696e-71
2.14415e-71
1.6856e-71
1.32488e-71
1.04117e-71
8.18065e-72
6.42655e-72
5.04767e-72
3.96394e-72
3.11233e-72
2.44324e-72
1.91766e-72
1.50487e-72
1.18072e-72
9.26234e-73
7.26467e-73
5.69684e-73
4.46658e-73
3.50138e-73
2.74426e-73
2.15048e-73
1.68487e-73
1.31984e-73
1.03371e-73
8.09469e-74
6.33758e-74
4.961e-74
3.88274e-74
3.0383e-74
2.37708e-74
1.85944e-74
1.45426e-74
1.13717e-74
8.89059e-75
6.94959e-75
5.43138e-75
4.24409e-75
3.31574e-75
2.59e-75
2.02275e-75
1.57946e-75
1.23309e-75
9.62514e-76
7.51174e-76
5.86134e-76
4.57274e-76
3.56679e-76
2.78165e-76
2.16895e-76
1.69091e-76
1.31799e-76
1.02714e-76
8.00329e-77
6.2349e-77
4.8564e-77
3.782e-77
2.94477e-77
2.29247e-77
1.78435e-77
1.3886e-77
1.08043e-77
8.40509e-78
6.53746e-78
5.08392e-78
3.95285e-78
3.07288e-78
2.38838e-78
1.85603e-78
1.44207e-78
1.12025e-78
8.70086e-79
6.75669e-79
5.246e-79
4.07236e-79
3.16072e-79
2.45273e-79
1.90298e-79
1.47619e-79
1.14492e-79
8.87828e-80
6.88344e-80
5.33587e-80
4.1355e-80
3.20459e-80
2.4828e-80
1.92323e-80
1.48952e-80
1.15341e-80
8.92979e-81
6.91231e-81
5.34968e-81
4.13957e-81
3.20262e-81
2.4773e-81
1.91591e-81
1.48147e-81
1.14534e-81
8.85319e-82
6.84206e-82
5.28685e-82
4.08441e-82
3.1549e-82
2.43648e-82
1.88133e-82
1.45241e-82
1.12108e-82
8.65176e-83
6.6757e-83
5.15005e-83
3.97237e-83
3.06345e-83
2.36208e-83
1.82096e-83
1.40355e-83
1.08164e-83
8.33404e-84
6.42026e-84
4.94508e-84
3.80817e-84
2.93212e-84
2.2572e-84
1.73733e-84
1.33695e-84
1.02866e-84
7.91321e-85
6.08632e-85
4.68037e-85
3.59856e-85
2.7663e-85
2.12615e-85
1.63384e-85
1.2553e-85
9.64297e-86
7.4062e-86
5.68726e-86
4.3665e-86
3.35187e-86
2.57255e-86
1.97407e-86
1.51455e-86
1.16179e-86
8.91036e-87
6.83259e-87
5.23839e-87
4.01544e-87
3.07746e-87
2.35816e-87
1.80666e-87
1.3839e-87
1.05987e-87
8.11569e-88
6.21328e-88
4.75596e-88
3.63981e-88
2.78511e-88
2.13073e-88
1.62981e-88
1.24644e-88
9.5307e-89
7.28622e-89
5.56932e-89
4.25623e-89
3.25215e-89
2.4845e-89
1.89772e-89
1.44926e-89
1.10658e-89
8.44777e-90
6.448e-90
4.92074e-90
3.75455e-90
2.86424e-90
2.18466e-90
1.66602e-90
1.27028e-90
9.68369e-91
7.38084e-91
5.62463e-91
4.28553e-91
3.26466e-91
2.48653e-91
1.89353e-91
1.4417e-91
1.09749e-91
8.35307e-92
6.35647e-92
4.83625e-92
3.67895e-92
2.7981e-92
2.12777e-92
1.61774e-92
1.22974e-92
9.3464e-93
7.10226e-93
5.396e-93
4.09893e-93
3.11308e-93
2.36393e-93
1.79474e-93
1.36235e-93
1.03396e-93
7.84579e-94
5.95243e-94
4.51517e-94
3.42434e-94
2.59659e-94
1.96857e-94
1.49219e-94
1.13088e-94
8.56909e-95
6.49194e-95
4.91742e-95
3.72411e-95
2.81988e-95
2.13482e-95
1.6159e-95
1.2229e-95
9.2532e-96
7.00026e-96
5.29491e-96
4.0043e-96
3.02773e-96
2.28892e-96
1.73008e-96
1.30745e-96
9.87887e-97
7.46297e-97
5.63689e-97
4.25686e-97
3.21412e-97
2.42638e-97
1.83137e-97
1.38203e-97
1.04275e-97
7.86627e-98
5.93305e-98
4.47415e-98
3.37339e-98
2.54299e-98
1.91666e-98
1.44434e-98
1.08822e-98
8.19755e-99
6.17413e-99
4.64934e-99
3.50049e-99
2.63505e-99
1.98322e-99
1.49237e-99
1.12281e-99
8.44614e-100
6.35232e-100
4.77672e-100
3.59128e-100
2.69956e-100
2.02889e-100
1.52457e-100
1.1454e-100
8.60381e-101
6.46171e-101
4.85207e-101
3.64275e-101
2.73435e-101
2.05212e-101
1.53983e-101
1.15522e-101
8.66528e-102
6.49862e-102
4.87285e-102
3.65315e-102
2.73826e-102
2.05213e-102
1.53765e-102
1.15195e-102
8.62845e-103
6.46181e-103
4.83836e-103
3.62214e-103
2.71116e-103
2.02893e-103
1.51811e-103
1.13569e-103
8.49457e-104
6.35251e-104
4.74976e-104
3.55076e-104
2.65395e-104
1.9833e-104
1.48185e-104
1.107e-104
8.26816e-105
6.17441e-105
4.61003e-105
3.4414e-105
2.56856e-105
1.91676e-105
1.4301e-105
1.06682e-105
7.95674e-106
5.9334e-106
4.42379e-106
3.29768e-106
2.45779e-106
1.83149e-106
1.36454e-106
1.01647e-106
7.57043e-107
5.6373e-107
4.19705e-107
3.12421e-107
2.3252e-107
1.73022e-107
1.28726e-107
9.57533e-108
7.12138e-108
5.29538e-108
3.93689e-108
2.92638e-108
2.17487e-108
1.61606e-108
1.20062e-108
8.91813e-109
6.62318e-109
4.91792e-109
3.65107e-109
2.71007e-109
2.01124e-109
1.49235e-109
1.10713e-109
8.21207e-110
6.09014e-110
4.5157e-110
3.34769e-110
2.48135e-110
1.83889e-110
1.36252e-110
1.00938e-110
7.47635e-111
5.53665e-111
4.09946e-111
3.0348e-111
2.24624e-111
1.66228e-111
1.22992e-111
9.09849e-112
6.72955e-112
4.97652e-112
3.67949e-112
2.72003e-112
2.01039e-112
1.48563e-112
1.09765e-112
8.10852e-113
5.98881e-113
4.42245e-113
3.26518e-113
2.41032e-113
1.77896e-113
1.31274e-113
9.68532e-114
7.14452e-114
5.26932e-114
3.8856e-114
2.86474e-114
2.11172e-114
1.55635e-114
1.14684e-114
8.44932e-115
6.2239e-115
4.58381e-115
3.37531e-115
2.48498e-115
1.82917e-115
1.3462e-115
9.90575e-116
7.28766e-116
5.36057e-116
3.94237e-116
2.89885e-116
2.13117e-116
1.56651e-116
1.15125e-116
8.45921e-117
6.21459e-117
4.56476e-117
3.35233e-117
2.46149e-117
1.80706e-117
1.32638e-117
9.73394e-118
7.14218e-118
5.23958e-118
3.84312e-118
2.81835e-118
2.06647e-118
1.5149e-118
1.11036e-118
8.13704e-119
5.96199e-119
4.36756e-119
3.19896e-119
2.34262e-119
1.71521e-119
1.25562e-119
9.19006e-120
6.72516e-120
4.9205e-120
3.59948e-120
2.63264e-120
1.92516e-120
1.40756e-120
1.02893e-120
7.52023e-121
5.49538e-121
4.01501e-121
2.93291e-121
2.14207e-121
1.5642e-121
1.14202e-121
8.33635e-122
6.08418e-122
4.43968e-122
3.23909e-122
2.36275e-122
1.7232e-122
1.25654e-122
9.1609e-123
6.67765e-123
4.86667e-123
3.5462e-123
2.58356e-123
1.88189e-123
1.37055e-123
9.97969e-124
7.26544e-124
5.28847e-124
3.84876e-124
2.80049e-124
2.03738e-124
1.48194e-124
1.07774e-124
7.83641e-125
5.69698e-125
4.14091e-125
3.00932e-125
2.18658e-125
1.58849e-125
1.15378e-125
8.37894e-126
6.08382e-126
4.41658e-126
3.20567e-126
2.32635e-126
1.68792e-126
1.22449e-126
8.88133e-127
6.44058e-127
4.66976e-127
3.38522e-127
2.45359e-127
1.77803e-127
1.28825e-127
9.33219e-128
6.75911e-128
4.89462e-128
3.54381e-128
2.56534e-128
1.8567e-128
1.34358e-128
9.72089e-129
7.03188e-129
5.08581e-129
3.67766e-129
2.65892e-129
1.92204e-129
1.38913e-129
1.0038e-129
7.25221e-130
5.23864e-130
3.78346e-130
2.73202e-130
1.97242e-130
1.42377e-130
1.02755e-130
7.41457e-131
5.34926e-131
3.85855e-131
2.78277e-131
2.00657e-131
1.44661e-131
1.04274e-131
7.51482e-132
5.41484e-132
3.901e-132
2.80988e-132
2.0236e-132
1.45708e-132
1.04897e-132
7.55036e-133
5.43368e-133
3.9097e-133
2.81265e-133
2.02307e-133
1.45489e-133
1.04609e-133
7.52027e-134
5.4053e-134
3.88445e-134
2.79101e-134
2.00501e-134
1.4401e-134
1.03417e-134
7.42534e-135
5.33043e-135
3.82588e-135
2.74551e-135
1.96987e-135
1.4131e-135
1.01352e-135
7.26802e-136
5.211e-136
3.73551e-136
2.67732e-136
1.91856e-136
1.37458e-136
9.84669e-137
7.05233e-137
5.05007e-137
3.61564e-137
2.58819e-137
1.85238e-137
1.32552e-137
9.4834e-138
6.78369e-138
4.85166e-138
3.46927e-138
2.48032e-138
1.77297e-138
1.26712e-138
9.05429e-139
6.46868e-139
4.62062e-139
3.29994e-139
2.35633e-139
1.68224e-139
1.20078e-139
8.56963e-140
6.11481e-140
4.36241e-140
3.11166e-140
2.21913e-140
1.58232e-140
1.12805e-140
8.04056e-141
5.73015e-141
4.08291e-141
2.90868e-141
2.07178e-141
1.47542e-141
1.05053e-141
7.47871e-142
5.32313e-142
3.78817e-142
2.69535e-142
1.91745e-142
1.36381e-142
9.69858e-143
6.8958e-143
4.90212e-143
3.48423e-143
2.476e-143
1.75922e-143
1.24971e-143
8.87612e-144
6.30317e-144
4.47526e-144
3.17687e-144
2.25478e-144
1.60004e-144
1.13523e-144
8.05295e-145
5.71151e-145
4.05013e-145
2.87151e-145
2.03552e-145
1.44265e-145
1.02228e-145
7.24275e-146
5.13049e-146
3.6336e-146
2.57299e-146
1.82164e-146
1.28946e-146
9.12593e-147
6.45757e-147
4.56861e-147
3.23163e-147
2.2855e-147
1.61609e-147
1.14254e-147
8.07607e-148
5.70757e-148
4.03298e-148
2.8492e-148
2.01253e-148
1.4213e-148
1.00358e-148
7.08499e-149
5.00093e-149
3.52927e-149
2.49024e-149
1.75679e-149
1.23915e-149
8.73872e-150
6.16163e-150
4.34377e-150
3.06168e-150
2.15763e-150
1.52025e-150
1.07097e-150
7.5433e-151
5.31213e-151
3.74024e-151
2.63301e-151
1.85322e-151
1.30415e-151
9.17588e-152
6.45494e-152
4.54003e-152
3.19263e-152
2.24472e-152
1.57796e-152
1.10906e-152
7.79355e-153
5.4757e-153
3.8465e-153
2.70156e-153
1.89709e-153
1.33193e-153
9.34974e-154
6.56206e-154
4.60472e-154
3.23065e-154
2.2662e-154
1.58939e-154
1.11451e-154
7.81378e-155
5.47724e-155
3.8387e-155
2.68986e-155
1.88451e-155
1.32005e-155
9.24492e-156
6.47351e-156
4.5321e-156
3.17236e-156
2.22017e-156
1.55351e-156
1.08684e-156
7.6022e-157
5.31662e-157
3.71753e-157
2.59894e-157
1.81661e-157
1.26955e-157
8.87072e-158
6.19715e-158
4.3286e-158
3.02292e-158
2.11071e-158
1.47351e-158
1.02849e-158
7.17743e-159
5.00797e-159
3.49363e-159
2.43677e-159
1.69932e-159
1.18484e-159
8.25974e-160
5.75699e-160
4.01188e-160
2.79526e-160
1.94724e-160
1.35625e-160
9.44461e-161
6.57582e-161
4.57761e-161
3.18604e-161
2.2171e-161
1.54256e-161
1.07306e-161
7.46321e-162
5.18981e-162
3.60827e-162
2.50825e-162
1.74327e-162
1.21138e-162
8.4163e-163
5.84633e-163
4.0604e-163
2.81953e-163
1.95753e-163
1.35882e-163
9.43056e-164
6.5439e-164
4.54003e-164
3.14922e-164
2.18409e-164
1.51447e-164
1.04996e-164
7.27797e-165
5.04393e-165
3.49502e-165
2.42133e-165
1.67719e-165
1.16153e-165
8.04274e-166
5.568e-166
3.85405e-166
2.66722e-166
1.84554e-166
1.27676e-166
8.83118e-167
6.10732e-167
4.22285e-167
2.91933e-167
2.01783e-167
1.39446e-167
9.63504e-168
6.65614e-168
4.59742e-168
3.17489e-168
2.19213e-168
1.5133e-168
1.0445e-168
7.208e-169
4.97329e-169
3.43079e-169
2.36629e-169
1.6318e-169
1.12508e-169
7.75582e-170
5.34556e-170
3.68367e-170
2.538e-170
1.74834e-170
1.20415e-170
8.29203e-171
5.70904e-171
3.92996e-171
2.7048e-171
1.86125e-171
1.28056e-171
8.80876e-172
6.05834e-172
4.16596e-172
2.86418e-172
1.96882e-172
1.35312e-172
9.298e-173
6.388e-173
4.38796e-173
3.01359e-173
2.06932e-173
1.42068e-173
9.75179e-174
6.69263e-174
4.59231e-174
3.15057e-174
2.16108e-174
1.48209e-174
1.01625e-174
6.96705e-175
4.77552e-175
3.27277e-175
2.2425e-175
1.53629e-175
1.05229e-175
7.20645e-176
4.93435e-176
3.37801e-176
2.31215e-176
1.58231e-176
1.08266e-176
7.40653e-177
5.06594e-177
3.4644e-177
2.36875e-177
1.61932e-177
1.1068e-177
7.56359e-178
5.16785e-178
3.53033e-178
2.41125e-178
1.64662e-178
1.12426e-178
7.67472e-179
5.23819e-179
3.57456e-179
2.43886e-179
1.6637e-179
1.13471e-179
7.73779e-180
5.27561e-180
3.59626e-180
2.45105e-180
1.67023e-180
1.13795e-180
7.75162e-181
5.2794e-181
3.59501e-181
2.44759e-181
1.66609e-181
1.13392e-181
7.71593e-182
5.24949e-182
3.57083e-182
2.42853e-182
1.65136e-182
1.12269e-182
7.63141e-183
5.18645e-183
3.52419e-183
2.39425e-183
1.62631e-183
1.10449e-183
7.49966e-184
5.09148e-184
3.45596e-184
2.3454e-184
1.59143e-184
1.07965e-184
7.32316e-185
4.96636e-185
3.36744e-185
2.28289e-185
1.54736e-185
1.04863e-185
7.1052e-186
4.81341e-186
3.26025e-186
2.20787e-186
1.49492e-186
1.01201e-186
6.84975e-187
4.6354e-187
3.13634e-187
2.12169e-187
1.43504e-187
9.70436e-188
6.56136e-188
4.43551e-188
2.99789e-188
2.02587e-188
1.36876e-188
9.24633e-189
6.24501e-189
4.21715e-189
2.84727e-189
1.92203e-189
1.29722e-189
8.75372e-190
5.90599e-190
3.98397e-190
2.68696e-190
1.81188e-190
1.22158e-190
8.23448e-191
5.54975e-191
3.73967e-191
2.51951e-191
1.69715e-191
1.14301e-191
7.69663e-192
5.18172e-192
3.48796e-192
2.34742e-192
1.57955e-192
1.06267e-192
7.14801e-193
4.80724e-193
3.23243e-193
2.17313e-193
1.46071e-193
9.81671e-194
6.59615e-194
4.43137e-194
2.97651e-194
1.99894e-194
1.3422e-194
9.01062e-195
6.04806e-195
4.05882e-195
2.72337e-195
1.82699e-195
1.22543e-195
8.21797e-196
5.51014e-196
3.69388e-196
2.47586e-196
1.65918e-196
1.11169e-196
7.44722e-197
4.98803e-197
3.34031e-197
2.23649e-197
1.49717e-197
1.00207e-197
6.70571e-198
4.48659e-198
3.00131e-198
2.00737e-198
1.34236e-198
8.97492e-199
5.99951e-199
4.00981e-199
2.67951e-199
1.79023e-199
1.19587e-199
7.98703e-200
5.33344e-200
3.56084e-200
2.37695e-200
1.58639e-200
1.05858e-200
7.06253e-201
4.71107e-201
3.14196e-201
2.09511e-201
1.3968e-201
9.31072e-202
6.20521e-202
4.13478e-202
2.75468e-202
1.8349e-202
1.22201e-202
8.13697e-203
5.41717e-203
3.60583e-203
2.39972e-203
1.59676e-203
1.06228e-203
7.06583e-204
4.69904e-204
3.12449e-204
2.07716e-204
1.38066e-204
9.17536e-205
6.09654e-205
4.05011e-205
2.69013e-205
1.78649e-205
1.18619e-205
7.87458e-206
5.22667e-206
3.46852e-206
2.30138e-206
1.5267e-206
1.01261e-206
6.7151e-207
4.45232e-207
2.9515e-207
1.95624e-207
1.29636e-207
8.58915e-208
5.68981e-208
3.7685e-208
2.49553e-208
1.65226e-208
1.09375e-208
7.23901e-209
4.79031e-209
3.16936e-209
2.09653e-209
1.38661e-209
9.16917e-210
6.06218e-210
4.00729e-210
2.64847e-210
1.75009e-210
1.15625e-210
7.63772e-211
5.04428e-211
3.33087e-211
2.19907e-211
1.45158e-211
9.58006e-212
6.32146e-212
4.17052e-212
2.75096e-212
1.81427e-212
1.19631e-212
7.8869e-213
5.19867e-213
3.42611e-213
2.25753e-213
1.48726e-213
9.79635e-214
6.45155e-214
4.24803e-214
2.79662e-214
1.84078e-214
1.21141e-214
7.97088e-215
5.24376e-215
3.44908e-215
2.26822e-215
1.49139e-215
9.80433e-216
6.4442e-216
4.23489e-216
2.78252e-216
1.82792e-216
1.2006e-216
7.88432e-217
5.17669e-217
3.3983e-217
2.23046e-217
1.4637e-217
9.6035e-218
6.29986e-218
4.13195e-218
2.70958e-218
1.77653e-218
1.16457e-218
7.63274e-219
5.00171e-219
3.27702e-219
2.14666e-219
1.40595e-219
9.2066e-220
6.0277e-220
3.94572e-220
2.5824e-220
1.68984e-220
1.10557e-220
7.23193e-221
4.7298e-221
3.09282e-221
2.02204e-221
1.32174e-221
8.63827e-222
5.64455e-222
3.6877e-222
2.40882e-222
1.57317e-222
1.02723e-222
6.70634e-223
4.37749e-223
2.85685e-223
1.86412e-223
1.21613e-223
7.93253e-224
5.17327e-224
3.3732e-224
2.19908e-224
1.43338e-224
9.3413e-225
6.0866e-225
3.9652e-225
2.58273e-225
1.68196e-225
1.09515e-225
7.12943e-226
4.64044e-226
3.01985e-226
1.96488e-226
1.27823e-226
8.31389e-227
5.40658e-227
3.51531e-227
2.28522e-227
1.4853e-227
9.65213e-228
6.27127e-228
4.0739e-228
2.64599e-228
1.71826e-228
1.11561e-228
7.242e-229
4.70032e-229
3.05014e-229
1.97895e-229
1.28372e-229
8.3259e-230
5.39901e-230
3.50042e-230
2.26907e-230
1.47062e-230
9.52958e-231
6.17406e-231
3.99936e-231
2.5902e-231
1.67725e-231
1.08589e-231
7.02906e-232
4.54916e-232
2.94366e-232
1.90444e-232
1.23188e-232
7.96697e-233
5.15159e-233
3.33051e-233
2.1528e-233
1.3913e-233
8.98999e-234
5.80792e-234
3.7515e-234
2.42277e-234
1.56438e-234
1.00994e-234
6.51884e-235
4.20696e-235
2.7145e-235
1.75119e-235
1.12954e-235
7.28434e-236
4.6968e-236
3.02787e-236
1.95162e-236
1.2577e-236
8.10362e-237
5.22042e-237
3.36244e-237
2.16534e-237
1.39419e-237
8.97508e-238
5.77668e-238
3.71742e-238
2.39181e-238
1.53864e-238
9.89618e-239
6.36387e-239
4.09165e-239
2.63026e-239
1.69052e-239
1.08634e-239
6.97966e-240
4.48358e-240
2.87964e-240
1.84916e-240
1.18723e-240
7.62108e-241
4.89127e-241
3.1387e-241
2.01372e-241
1.29173e-241
8.28455e-242
5.31236e-242
3.40588e-242
2.1832e-242
1.3992e-242
8.96584e-243
5.74413e-243
3.67942e-243
2.35645e-243
1.5089e-243
9.66013e-244
6.18343e-244
3.9573e-244
2.53216e-244
1.61997e-244
1.0362e-244
6.62682e-245
4.2373e-245
2.70891e-245
1.73151e-245
1.10656e-245
7.07051e-246
4.51698e-246
2.88515e-246
1.84252e-246
1.17646e-246
7.51045e-247
4.79377e-247
3.05923e-247
1.95195e-247
1.24523e-247
7.94239e-248
5.06497e-248
3.22942e-248
2.05871e-248
1.31217e-248
8.36192e-249
5.32777e-249
3.39397e-249
2.16169e-249
1.37658e-249
8.76457e-250
5.57936e-250
3.55108e-250
2.25974e-250
1.43774e-250
9.14587e-251
5.81691e-251
3.69898e-251
2.35177e-251
1.49496e-251
9.50144e-252
6.03769e-252
3.83597e-252
2.4367e-252
1.54757e-252
9.82706e-253
6.23905e-253
3.96038e-253
2.51349e-253
1.59493e-253
1.01188e-253
6.41854e-254
4.07069e-254
2.58121e-254
1.63644e-254
1.03729e-254
6.57392e-255
4.16553e-255
2.639e-255
1.67159e-255
1.05863e-255
6.70319e-256
4.24367e-256
2.68611e-256
1.69992e-256
1.07562e-256
6.8047e-257
4.3041e-257
2.72194e-257
1.72107e-257
1.08803e-257
6.87711e-258
4.34604e-258
2.74602e-258
1.73475e-258
1.09571e-258
6.91947e-259
4.36892e-259
2.75803e-259
1.74079e-259
1.09854e-259
6.93122e-260
4.37245e-260
2.75781e-260
1.7391e-260
1.0965e-260
6.91219e-261
4.35658e-261
2.74535e-261
1.72971e-261
1.08961e-261
6.86265e-262
4.32151e-262
2.72083e-262
1.71274e-262
1.07796e-262
6.78326e-263
4.26772e-263
2.68458e-263
1.68842e-263
1.06171e-263
6.67504e-264
4.1959e-264
2.63706e-264
1.65706e-264
1.04106e-264
6.53943e-265
4.10701e-265
2.57889e-265
1.61907e-265
1.01629e-265
6.37816e-266
4.00216e-266
2.51083e-266
1.57493e-266
9.87711e-267
6.19328e-267
3.8827e-267
2.43372e-267
1.52521e-267
9.55677e-268
5.98709e-268
3.7501e-268
2.34851e-268
1.4705e-268
9.20581e-269
5.7621e-269
3.60597e-269
2.25624e-269
1.41147e-269
8.82841e-270
5.52097e-270
3.452e-270
2.15799e-270
1.34881e-270
8.42894e-271
5.26647e-271
3.28995e-271
2.05485e-271
1.2832e-271
8.01186e-272
5.00143e-272
3.1216e-272
1.94797e-272
1.21538e-272
7.58165e-273
4.72866e-273
2.94873e-273
1.83846e-273
1.14604e-273
7.14272e-274
4.45094e-274
2.77308e-274
1.72742e-274
1.07585e-274
6.69936e-275
4.17095e-275
2.59633e-275
1.61588e-275
1.00549e-275
6.25565e-276
3.89125e-276
2.42007e-276
1.50484e-276
9.35566e-277
5.81543e-277
3.6142e-277
2.24577e-277
1.39522e-277
8.66642e-278
5.38222e-278
3.34199e-278
2.07478e-278
1.28784e-278
7.99235e-279
4.95918e-279
3.07658e-279
1.90831e-279
1.18346e-279
7.33803e-280
4.54914e-280
2.81969e-280
1.74741e-280
1.08271e-280
6.7074e-281
4.15449e-281
2.57278e-281
1.59299e-281
9.86152e-282
6.10377e-282
3.77725e-282
2.33709e-282
1.44577e-282
8.9422e-283
5.52984e-283
3.41904e-283
2.11358e-283
1.30634e-283
8.07262e-284
4.98766e-284
3.08107e-284
1.90296e-284
1.17512e-284
7.25528e-285
4.47868e-285
2.7642e-285
1.70573e-285
1.05239e-285
6.49178e-286
4.00382e-286
2.46892e-286
1.52217e-286
9.383e-287
5.78287e-287
3.56342e-287
2.1954e-287
1.35234e-287
8.3287e-288
5.12852e-288
3.15741e-288
1.94353e-288
1.19612e-288
7.36007e-289
4.52805e-289
2.78525e-289
1.71293e-289
1.05326e-289
6.47526e-290
3.98016e-290
2.44606e-290
1.50299e-290
9.23352e-291
5.67155e-291
3.48304e-291
2.13865e-291
1.31293e-291
8.05875e-292
4.94557e-292
3.0345e-292
1.86158e-292
1.14182e-292
7.00226e-293
4.29339e-293
2.632e-293
1.61322e-293
9.88609e-294
6.05729e-294
3.71069e-294
2.27276e-294
1.3918e-294
8.52159e-295
5.21661e-295
3.19285e-295
1.95385e-295
1.19544e-295
7.31284e-296
4.47268e-296
2.73509e-296
1.67224e-296
1.02223e-296
6.24772e-297
3.81784e-297
2.33257e-297
1.42487e-297
8.70243e-298
5.31407e-298
3.24442e-298
1.98047e-298
1.20871e-298
7.37567e-299
4.49989e-299
2.74489e-299
1.67406e-299
1.0208e-299
6.22347e-300
3.79356e-300
2.31198e-300
1.40879e-300
8.58278e-301
5.22798e-301
3.18392e-301
1.93871e-301
1.18029e-301
7.1843e-302
4.37224e-302
2.6604e-302
1.6185e-302
9.84464e-303
5.98702e-303
3.64036e-303
2.2131e-303
1.34518e-303
8.1749e-304
4.96715e-304
3.01755e-304
1.83284e-304
1.11306e-304
6.75825e-305
4.10273e-305
2.4902e-305
1.51119e-305
9.16909e-306
5.56233e-306
3.37372e-306
2.0459e-306
1.24046e-306
7.51976e-307
4.55772e-307
2.76194e-307
1.67342e-307
1.01372e-307
6.13976e-308
3.718e-308
2.25108e-308
1.36268e-308
8.24746e-309
4.99079e-309
3.01954e-309
1.82657e-309
1.10472e-309
6.68026e-310
4.03884e-310
2.44142e-310
1.47554e-310
8.91625e-311
5.38687e-311
3.25397e-311
1.96523e-311
1.18669e-311
7.16442e-312
4.32463e-312
2.61e-312
1.5749e-312
9.50146e-313
5.73125e-313
3.45646e-313
2.08419e-313
1.25651e-313
7.57382e-314
4.56445e-314
2.75033e-314
1.65693e-314
9.98032e-315
6.01048e-315
3.61906e-315
2.17874e-315
1.31141e-315
7.89214e-316
4.74868e-316
2.85676e-316
1.7183e-316
1.03334e-316
6.21319e-317
3.73514e-317
2.24503e-317
1.34915e-317
8.10627e-318
4.86972e-318
2.9249e-318
1.75647e-318
1.05461e-318
6.33091e-319
3.79986e-319
2.28026e-319
1.36812e-319
8.20692e-320
4.92238e-320
2.95204e-320
1.76974e-320
1.06076e-320
6.35862e-321
3.81419e-321
2.28258e-321
1.36856e-321
8.20149e-322
4.89125e-322
2.96439e-322
1.77864e-322
1.08694e-322
6.42285e-323
3.95253e-323
2.47033e-323
1.4822e-323
4.94066e-324
4.94066e-324
4.94066e-324
0
0
0
0
0
0
0
0
0
0
0
0
0
0
0
0
0
0
0
0
0
0
0
0
0
0
0
0
0
0
0
0
0
0
0
0
0
0
0
0
0
0
0
0
0
0
0
0
0
0
0
0
0
0
0
0
0
0
0
0
0
0
0
0
0
0
0
0
0
0
0
0
0
0
0
0
0
0
0
0
0
0
0
0
0
0
0
0
0
0
0
0
0
0
0
0
0
0
0
0
0
0
0
0
0
0
0
0
0
0
0
0
0
0
0
0
0
0
0
0
0
0
0
0
0
0
0
0
0
0
0
0
0
0
0
0
0
0
0
0
0
0
0
0
0
0
0
0
0
0
0
0
0
0
0
0
0
0
0
0
0
0
0
0
0
0
0
0
0
0
0
0
0
0
0
0
0
0
0
0
0
0
0
0
0
0
0
0
0
0
0
0
0
0
0
0
0
0
0
0
0
0
0
0
0
0
0
0
0
0
0
0
0
0
0
0
0
0
0
0
0
0
0
0
0
0
0
0
0
0
0
0
0
0
0
0
0
0
0
0
0
0
0
0
0
0
0
0
0
0
0
0
0
0
0
0
0
0
0
0
0
0
0
0
0
0
0
0
0
0
0
0
0
0
0
0
0
0
0
0
0
0
0
0
0
0
0
0
0
0
0
0
0
0
0
0
0
0
0
0
0
0
0
0
0
0
0
0
0
0
0
0
0
0
0
0
0
0
0
0
0
0
0
0
0
0
0
0
0
0
0
0
0
0
0
0
0
0
0
0
0
0
0
0
0
0
0
0
0
0
0
0
0
0
0
0
0
0
0
0
0
0
0
0
0
0
0
0
0
0
0
0
0
0
0
0
0
0
0
0
0
0
0
0
0
0
0
0
0
0
0
0
0
0
0
0
0
0
0
0
0
0
0
0
0
0
0
0
0
0
0
0
0
0
0
0
0
0
0
0
0
0
0
0
0
0
0
0
0
0
0
0
0
0
0
0
0
0
0
0
0
0
0
0
0
0
0
0
0
0
0
0
0
0
0
0
0
0
0
0
0
0
0
0
0
0
0
0
0
0
0
0
0
0
0
0
0
0
0
0
0
0
0
0
0
0
0
0
0
0
0
0
0
0
0
0
0
0
0
0
0
0
0
0
0
0
0
0
0
0
0
0
0
0
0
0
0
0
0
0
0
0
0
0
0
0
0
0
0
0
0
0
0
0
0
0
0
0
0
0
0
0
0
0
0
0
0
0
0
0
0
0
0
0
0
0
0
0
0
0
0
0
0
0
0
0
0
0
0
0
0
0
0
0
0
0
0
0
0
0
0
0
0
0
0
0
0
0
0
0
0
0
0
0
0
0
0
0
0
0
0
0
0
0
0
