0
2.5e-17
5e-17
7.5e-17
1e-16
1.25e-16
1.5e-16
1.75e-16
2e-16
2.25e-16
2.5e-16
2.75e-16
3e-16
3.25e-16
3.5e-16
3.75e-16
4e-16
4.25e-16
4.5e-16
4.75e-16
5e-16
5.25e-16
5.5e-16
5.75e-16
6e-16
6.25e-16
6.5e-16
6.75e-16
7e-16
7.25e-16
7.5e-16
7.75e-16
8e-16
8.25e-16
8.5e-16
8.75e-16
9e-16
9.25e-16
9.5e-16
9.75e-16
1e-15
1.025e-15
1.05e-15
1.075e-15
1.1e-15
1.125e-15
1.15e-15
1.175e-15
1.2e-15
1.225e-15
1.25e-15
1.275e-15
1.3e-15
1.325e-15
1.35e-15
1.375e-15
1.4e-15
1.425e-15
1.45e-15
1.475e-15
1.5e-15
1.525e-15
1.55e-15
1.575e-15
1.6e-15
1.625e-15
1.65e-15
1.675e-15
1.7e-15
1.725e-15
1.75e-15
1.775e-15
1.8e-15
1.825e-15
1.85e-15
1.875e-15
1.9e-15
1.925e-15
1.95e-15
1.975e-15
2e-15
2.025e-15
2.05e-15
2.075e-15
2.1e-15
2.125e-15
2.15e-15
2.175e-15
2.2e-15
2.225e-15
2.25e-15
2.275e-15
2.3e-15
2.325e-15
2.35e-15
2.375e-15
2.4e-15
2.425e-15
2.45e-15
2.475e-15
2.5e-15
2.525e-15
2.55e-15
2.575e-15
2.6e-15
2.625e-15
2.65e-15
2.675e-15
2.7e-15
2.725e-15
2.75e-15
2.775e-15
2.8e-15
2.825e-15
2.85e-15
2.875e-15
2.9e-15
2.925e-15
2.95e-15
2.975e-15
3e-15
3.025e-15
3.05e-15
3.075e-15
3.1e-15
3.125e-15
3.15e-15
3.175e-15
3.2e-15
3.225e-15
3.25e-15
3.275e-15
3.3e-15
3.325e-15
3.35e-15
3.375e-15
3.4e-15
3.425e-15
3.45e-15
3.475e-15
3.5e-15
3.525e-15
3.55e-15
3.575e-15
3.6e-15
3.625e-15
3.65e-15
3.675e-15
3.7e-15
3.725e-15
3.75e-15
3.775e-15
3.8e-15
3.825e-15
3.85e-15
3.875e-15
3.9e-15
3.925e-15
3.95e-15
3.975e-15
4e-15
4.025e-15
4.05e-15
4.075e-15
4.1e-15
4.125e-15
4.15e-15
4.175e-15
4.2e-15
4.225e-15
4.25e-15
4.275e-15
4.3e-15
4.325e-15
4.35e-15
4.375e-15
4.4e-15
4.425e-15
4.45e-15
4.475e-15
4.5e-15
4.525e-15
4.55e-15
4.575e-15
4.6e-15
4.625e-15
4.65e-15
4.675e-15
4.7e-15
4.725e-15
4.75e-15
4.775e-15
4.8e-15
4.825e-15
4.85e-15
4.875e-15
4.9e-15
4.925e-15
4.95e-15
4.975e-15
5e-15
5.025e-15
5.05e-15
5.075e-15
5.1e-15
5.125e-15
5.15e-15
5.175e-15
5.2e-15
5.225e-15
5.25e-15
5.275e-15
5.3e-15
5.325e-15
5.35e-15
5.375e-15
5.4e-15
5.425e-15
5.45e-15
5.475e-15
5.5e-15
5.525e-15
5.55e-15
5.575e-15
5.6e-15
5.625e-15
5.65e-15
5.675e-15
5.7e-15
5.725e-15
5.75e-15
5.775e-15
5.8e-15
5.825e-15
5.85e-15
5.875e-15
5.9e-15
5.925e-15
5.95e-15
5.975e-15
6e-15
6.025e-15
6.05e-15
6.075e-15
6.1e-15
6.125e-15
6.15e-15
6.175e-15
6.2e-15
6.225e-15
6.25e-15
6.275e-15
6.3e-15
6.325e-15
6.35e-15
6.375e-15
6.4e-15
6.425e-15
6.45e-15
6.475e-15
6.5e-15
6.525e-15
6.55e-15
6.575e-15
6.6e-15
6.625e-15
6.65e-15
6.675e-15
6.7e-15
6.725e-15
6.75e-15
6.775e-15
6.8e-15
6.825e-15
6.85e-15
6.875e-15
6.9e-15
6.925e-15
6.95e-15
6.975e-15
7e-15
7.025e-15
7.05e-15
7.075e-15
7.1e-15
7.125e-15
7.15e-15
7.175e-15
7.2e-15
7.225e-15
7.25e-15
7.275e-15
7.3e-15
7.325e-15
7.35e-15
7.375e-15
7.4e-15
7.425e-15
7.45e-15
7.475e-15
7.5e-15
7.525e-15
7.55e-15
7.575e-15
7.6e-15
7.625e-15
7.65e-15
7.675e-15
7.7e-15
7.725e-15
7.75e-15
7.775e-15
7.8e-15
7.825e-15
7.85e-15
7.875e-15
7.9e-15
7.925e-15
7.95e-15
7.975e-15
8e-15
8.025e-15
8.05e-15
8.075e-15
8.1e-15
8.125e-15
8.15e-15
8.175e-15
8.2e-15
8.225e-15
8.25e-15
8.275e-15
8.3e-15
8.325e-15
8.35e-15
8.375e-15
8.4e-15
8.425e-15
8.45e-15
8.475e-15
8.5e-15
8.525e-15
8.55e-15
8.575e-15
8.6e-15
8.625e-15
8.65e-15
8.675e-15
8.7e-15
8.725e-15
8.75e-15
8.775e-15
8.8e-15
8.825e-15
8.85e-15
8.875e-15
8.9e-15
8.925e-15
8.95e-15
8.975e-15
9e-15
9.025e-15
9.05e-15
9.075e-15
9.1e-15
9.125e-15
9.15e-15
9.175e-15
9.2e-15
9.225e-15
9.25e-15
9.275e-15
9.3e-15
9.325e-15
9.35e-15
9.375e-15
9.4e-15
9.425e-15
9.45e-15
9.475e-15
9.5e-15
9.525e-15
9.55e-15
9.575e-15
9.6e-15
9.625e-15
9.65e-15
9.675e-15
9.7e-15
9.725e-15
9.75e-15
9.775e-15
9.8e-15
9.825e-15
9.85e-15
9.875e-15
9.9e-15
9.925e-15
9.95e-15
9.975e-15
1e-14
1.0025e-14
1.005e-14
1.0075e-14
1.01e-14
1.0125e-14
1.015e-14
1.0175e-14
1.02e-14
1.0225e-14
1.025e-14
1.0275e-14
1.03e-14
1.0325e-14
1.035e-14
1.0375e-14
1.04e-14
1.0425e-14
1.045e-14
1.0475e-14
1.05e-14
1.0525e-14
1.055e-14
1.0575e-14
1.06e-14
1.0625e-14
1.065e-14
1.0675e-14
1.07e-14
1.0725e-14
1.075e-14
1.0775e-14
1.08e-14
1.0825e-14
1.085e-14
1.0875e-14
1.09e-14
1.0925e-14
1.095e-14
1.0975e-14
1.1e-14
1.1025e-14
1.105e-14
1.1075e-14
1.11e-14
1.1125e-14
1.115e-14
1.1175e-14
1.12e-14
1.1225e-14
1.125e-14
1.1275e-14
1.13e-14
1.1325e-14
1.135e-14
1.1375e-14
1.14e-14
1.1425e-14
1.145e-14
1.1475e-14
1.15e-14
1.1525e-14
1.155e-14
1.1575e-14
1.16e-14
1.1625e-14
1.165e-14
1.1675e-14
1.17e-14
1.1725e-14
1.175e-14
1.1775e-14
1.18e-14
1.1825e-14
1.185e-14
1.1875e-14
1.19e-14
1.1925e-14
1.195e-14
1.1975e-14
1.2e-14
1.2025e-14
1.205e-14
1.2075e-14
1.21e-14
1.2125e-14
1.215e-14
1.2175e-14
1.22e-14
1.2225e-14
1.225e-14
1.2275e-14
1.23e-14
1.2325e-14
1.235e-14
1.2375e-14
1.24e-14
1.2425e-14
1.245e-14
1.2475e-14
1.25e-14
1.2525e-14
1.255e-14
1.2575e-14
1.26e-14
1.2625e-14
1.265e-14
1.2675e-14
1.27e-14
1.2725e-14
1.275e-14
1.2775e-14
1.28e-14
1.2825e-14
1.285e-14
1.2875e-14
1.29e-14
1.2925e-14
1.295e-14
1.2975e-14
1.3e-14
1.3025e-14
1.305e-14
1.3075e-14
1.31e-14
1.3125e-14
1.315e-14
1.3175e-14
1.32e-14
1.3225e-14
1.325e-14
1.3275e-14
1.33e-14
1.3325e-14
1.335e-14
1.3375e-14
1.34e-14
1.3425e-14
1.345e-14
1.3475e-14
1.35e-14
1.3525e-14
1.355e-14
1.3575e-14
1.36e-14
1.3625e-14
1.365e-14
1.3675e-14
1.37e-14
1.3725e-14
1.375e-14
1.3775e-14
1.38e-14
1.3825e-14
1.385e-14
1.3875e-14
1.39e-14
1.3925e-14
1.395e-14
1.3975e-14
1.4e-14
1.4025e-14
1.405e-14
1.4075e-14
1.41e-14
1.4125e-14
1.415e-14
1.4175e-14
1.42e-14
1.4225e-14
1.425e-14
1.4275e-14
1.43e-14
1.4325e-14
1.435e-14
1.4375e-14
1.44e-14
1.4425e-14
1.445e-14
1.4475e-14
1.45e-14
1.4525e-14
1.455e-14
1.4575e-14
1.46e-14
1.4625e-14
1.465e-14
1.4675e-14
1.47e-14
1.4725e-14
1.475e-14
1.4775e-14
1.48e-14
1.4825e-14
1.485e-14
1.4875e-14
1.49e-14
1.4925e-14
1.495e-14
1.4975e-14
1.5e-14
1.5025e-14
1.505e-14
1.5075e-14
1.51e-14
1.5125e-14
1.515e-14
1.5175e-14
1.52e-14
1.5225e-14
1.525e-14
1.5275e-14
1.53e-14
1.5325e-14
1.535e-14
1.5375e-14
1.54e-14
1.5425e-14
1.545e-14
1.5475e-14
1.55e-14
1.5525e-14
1.555e-14
1.5575e-14
1.56e-14
1.5625e-14
1.565e-14
1.5675e-14
1.57e-14
1.5725e-14
1.575e-14
1.5775e-14
1.58e-14
1.5825e-14
1.585e-14
1.5875e-14
1.59e-14
1.5925e-14
1.595e-14
1.5975e-14
1.6e-14
1.6025e-14
1.605e-14
1.6075e-14
1.61e-14
1.6125e-14
1.615e-14
1.6175e-14
1.62e-14
1.6225e-14
1.625e-14
1.6275e-14
1.63e-14
1.6325e-14
1.635e-14
1.6375e-14
1.64e-14
1.6425e-14
1.645e-14
1.6475e-14
1.65e-14
1.6525e-14
1.655e-14
1.6575e-14
1.66e-14
1.6625e-14
1.665e-14
1.6675e-14
1.67e-14
1.6725e-14
1.675e-14
1.6775e-14
1.68e-14
1.6825e-14
1.685e-14
1.6875e-14
1.69e-14
1.6925e-14
1.695e-14
1.6975e-14
1.7e-14
1.7025e-14
1.705e-14
1.7075e-14
1.71e-14
1.7125e-14
1.715e-14
1.7175e-14
1.72e-14
1.7225e-14
1.725e-14
1.7275e-14
1.73e-14
1.7325e-14
1.735e-14
1.7375e-14
1.74e-14
1.7425e-14
1.745e-14
1.7475e-14
1.75e-14
1.7525e-14
1.755e-14
1.7575e-14
1.76e-14
1.7625e-14
1.765e-14
1.7675e-14
1.77e-14
1.7725e-14
1.775e-14
1.7775e-14
1.78e-14
1.7825e-14
1.785e-14
1.7875e-14
1.79e-14
1.7925e-14
1.795e-14
1.7975e-14
1.8e-14
1.8025e-14
1.805e-14
1.8075e-14
1.81e-14
1.8125e-14
1.815e-14
1.8175e-14
1.82e-14
1.8225e-14
1.825e-14
1.8275e-14
1.83e-14
1.8325e-14
1.835e-14
1.8375e-14
1.84e-14
1.8425e-14
1.845e-14
1.8475e-14
1.85e-14
1.8525e-14
1.855e-14
1.8575e-14
1.86e-14
1.8625e-14
1.865e-14
1.8675e-14
1.87e-14
1.8725e-14
1.875e-14
1.8775e-14
1.88e-14
1.8825e-14
1.885e-14
1.8875e-14
1.89e-14
1.8925e-14
1.895e-14
1.8975e-14
1.9e-14
1.9025e-14
1.905e-14
1.9075e-14
1.91e-14
1.9125e-14
1.915e-14
1.9175e-14
1.92e-14
1.9225e-14
1.925e-14
1.9275e-14
1.93e-14
1.9325e-14
1.935e-14
1.9375e-14
1.94e-14
1.9425e-14
1.945e-14
1.9475e-14
1.95e-14
1.9525e-14
1.955e-14
1.9575e-14
1.96e-14
1.9625e-14
1.965e-14
1.9675e-14
1.97e-14
1.9725e-14
1.975e-14
1.9775e-14
1.98e-14
1.9825e-14
1.985e-14
1.9875e-14
1.99e-14
1.9925e-14
1.995e-14
1.9975e-14
2e-14
2.0025e-14
2.005e-14
2.0075e-14
2.01e-14
2.0125e-14
2.015e-14
2.0175e-14
2.02e-14
2.0225e-14
2.025e-14
2.0275e-14
2.03e-14
2.0325e-14
2.035e-14
2.0375e-14
2.04e-14
2.0425e-14
2.045e-14
2.0475e-14
2.05e-14
2.0525e-14
2.055e-14
2.0575e-14
2.06e-14
2.0625e-14
2.065e-14
2.0675e-14
2.07e-14
2.0725e-14
2.075e-14
2.0775e-14
2.08e-14
2.0825e-14
2.085e-14
2.0875e-14
2.09e-14
2.0925e-14
2.095e-14
2.0975e-14
2.1e-14
2.1025e-14
2.105e-14
2.1075e-14
2.11e-14
2.1125e-14
2.115e-14
2.1175e-14
2.12e-14
2.1225e-14
2.125e-14
2.1275e-14
2.13e-14
2.1325e-14
2.135e-14
2.1375e-14
2.14e-14
2.1425e-14
2.145e-14
2.1475e-14
2.15e-14
2.1525e-14
2.155e-14
2.1575e-14
2.16e-14
2.1625e-14
2.165e-14
2.1675e-14
2.17e-14
2.1725e-14
2.175e-14
2.1775e-14
2.18e-14
2.1825e-14
2.185e-14
2.1875e-14
2.19e-14
2.1925e-14
2.195e-14
2.1975e-14
2.2e-14
2.2025e-14
2.205e-14
2.2075e-14
2.21e-14
2.2125e-14
2.215e-14
2.2175e-14
2.22e-14
2.2225e-14
2.225e-14
2.2275e-14
2.23e-14
2.2325e-14
2.235e-14
2.2375e-14
2.24e-14
2.2425e-14
2.245e-14
2.2475e-14
2.25e-14
2.2525e-14
2.255e-14
2.2575e-14
2.26e-14
2.2625e-14
2.265e-14
2.2675e-14
2.27e-14
2.2725e-14
2.275e-14
2.2775e-14
2.28e-14
2.2825e-14
2.285e-14
2.2875e-14
2.29e-14
2.2925e-14
2.295e-14
2.2975e-14
2.3e-14
2.3025e-14
2.305e-14
2.3075e-14
2.31e-14
2.3125e-14
2.315e-14
2.3175e-14
2.32e-14
2.3225e-14
2.325e-14
2.3275e-14
2.33e-14
2.3325e-14
2.335e-14
2.3375e-14
2.34e-14
2.3425e-14
2.345e-14
2.3475e-14
2.35e-14
2.3525e-14
2.355e-14
2.3575e-14
2.36e-14
2.3625e-14
2.365e-14
2.3675e-14
2.37e-14
2.3725e-14
2.375e-14
2.3775e-14
2.38e-14
2.3825e-14
2.385e-14
2.3875e-14
2.39e-14
2.3925e-14
2.395e-14
2.3975e-14
2.4e-14
2.4025e-14
2.405e-14
2.4075e-14
2.41e-14
2.4125e-14
2.415e-14
2.4175e-14
2.42e-14
2.4225e-14
2.425e-14
2.4275e-14
2.43e-14
2.4325e-14
2.435e-14
2.4375e-14
2.44e-14
2.4425e-14
2.445e-14
2.4475e-14
2.45e-14
2.4525e-14
2.455e-14
2.4575e-14
2.46e-14
2.4625e-14
2.465e-14
2.4675e-14
2.47e-14
2.4725e-14
2.475e-14
2.4775e-14
2.48e-14
2.4825e-14
2.485e-14
2.4875e-14
2.49e-14
2.4925e-14
2.495e-14
2.4975e-14
2.5e-14
