            0.001            0.001        0.9999995  -0.000999999833
     0.0799866486     0.0789866486      0.996802773    -0.0799013853
      0.261423433      0.181436784      0.966023052     -0.258455883
      0.483731395      0.222307962      0.885265628     -0.465085676
      0.706039356      0.222307962      0.760937529     -0.648825039
      0.963510573      0.257471217       0.57064049     -0.821199815
       1.01500482     0.0514942433      0.527615708     -0.849483001
       1.06387602     0.0488712017      0.485487025     -0.874243703
       1.11164223     0.0477662166      0.443189848     -0.896427612
       1.15833679     0.0466945581      0.400863693     -0.916137547
       1.20394625     0.0456094564      0.358676772     -0.933461664
        1.2484443     0.0444980509      0.316798209     -0.948492804
       1.29179126     0.0433469607      0.275399224     -0.961329793
        1.3339317     0.0421404434      0.234655856     -0.972078358
       1.37479065     0.0408589492      0.194752959     -0.980852175
       1.41426747     0.0394768165      0.155890361     -0.987774215
       1.60405862      0.189791146    -0.0332562185     -0.999446699
       1.79384976      0.189791146     -0.221208473     -0.975226366
       2.01323975      0.219389992     -0.428148876     -0.903707993
       2.23262975      0.219389992     -0.614564141     -0.788866563
       2.48727003      0.254640283     -0.793460215     -0.608621627
       2.53819809     0.0509280567     -0.823413971     -0.567440595
       2.58805817     0.0498600846     -0.850671583     -0.525696923
       2.63684319     0.0487850221     -0.875295458     -0.483587901
       2.68456051     0.0477173156     -0.897365909     -0.441286554
       2.73120667     0.0466461564      -0.91696667     -0.398963059
       2.77676682     0.0455601591     -0.934185681     -0.356786365
       2.82121409     0.0444472696     -0.949116022     -0.314925664
       2.86450814     0.0432940488     -0.961856809     -0.273552326
       2.90659276     0.0420846144     -0.972514102      -0.23284269
       2.94739196     0.0407992068     -0.981201964     -0.192982128
       2.98680377     0.0394118059     -0.988043823     -0.154171338
       3.17623377          0.18943     -0.999399738     0.0346343092
       3.36566377          0.18943     -0.975000578      0.222200855
       3.58511755      0.219453784     -0.903244267      0.429125952
       3.80457134      0.219453784     -0.788162047      0.615467154
        4.0592853      0.254713967     -0.607653844      0.794201419
        4.1102281     0.0509427933     -0.566424191      0.824113296
       4.16006265     0.0498345469     -0.524668669      0.851305983
       4.20882148     0.0487588361     -0.482552869      0.875866324
       4.25651263     0.0476911519     -0.440248962      0.897875237
        4.3031324       0.04661977     -0.397927053      0.917416563
       4.34866566     0.0455332591     -0.355756085      0.934578353
       4.39308522     0.0444195532     -0.313905269      0.949453828
       4.43635037     0.0432651519      -0.27254607       0.96214226
       4.47840448     0.0420541162     -0.231854983      0.972749894
       4.51917103      0.040766551     -0.192017673      0.981391004
       4.55854728     0.0393762491     -0.153235321      0.988189266
        4.7477796      0.189232321     0.0353834157      0.999373343
       4.93701193      0.189232321      0.222738883      0.974877649
       5.15650009      0.219488159      0.429655356       0.90299239
       5.37598824      0.219488159      0.615956109      0.787779788
       5.63074212      0.254753872      0.794602509       0.60712901
       5.68169289     0.0509507744      0.824491656      0.565873034
        5.7315136     0.0498207064      0.851649165      0.524111135
       5.78025824     0.0487446433      0.876175083      0.481991707
       5.82793521     0.0476769711      0.898150657      0.439686454
       5.87454067     0.0466054614      0.917659784      0.397365452
       5.92005934     0.0455186717      0.934790578      0.355197631
       5.96446386     0.0444045179      0.949636334      0.313352221
       6.00771334     0.0432494763      0.962296412       0.27200073
        6.0497509     0.0420375635      0.972877154      0.231319748
       6.09049973     0.0407488239       0.98149295      0.191495096
       6.12985667     0.0393569398      0.988267612      0.152728218
       6.31898159      0.189124923      0.999358751     -0.035788874
       6.50810651      0.189124923      0.974811008     -0.223029667
       6.72761319      0.219506676      0.902856074     -0.429941372
       6.94711986      0.219506676      0.787573058     -0.616220166
       7.20189529      0.254775427      0.606845275     -0.794819028
       7.25285038     0.0509550854      0.565575084     -0.824695882
       7.30266361      0.049813232      0.523809752     -0.851834384
       7.35140058     0.0487369708      0.481688381     -0.876341702
       7.39906989     0.0476693074      0.439382416     -0.898299263
       7.44566761      0.046597728      0.397061918     -0.917790993
        7.4911784     0.0455107861      0.354895814     -0.934905041
       7.53557479     0.0443963876      0.313053341     -0.949734742
       7.57881579     0.0432410005      0.271706032     -0.962379502
        7.6208444     0.0420286116      0.231030529     -0.972945717
       7.66158364     0.0407392372      0.191212733     -0.981547841
       7.70093013      0.039346493      0.152454238     -0.988309759
       7.88999694       0.18906681    -0.0360078168     -0.999350733
       8.07906375       0.18906681     -0.223186552     -0.974774942
        8.2985804       0.21951665     -0.430095643     -0.902782424
       8.51809705       0.21951665     -0.616362552     -0.787461435
        8.7728841      0.254787054     -0.794935739     -0.606692127
       8.82384152     0.0509574108     -0.824805957     -0.565414273
       8.87365071      0.049809197     -0.851934202     -0.523647097
       8.92238355     0.0487328351     -0.876431486      -0.48152468
       8.97004872      0.047665173     -0.898379329     -0.439218338
       9.01664228     0.0465935561     -0.917861673     -0.396898118
       9.06214881     0.0455065305     -0.934966686     -0.354732946
       9.10654081     0.0443920019     -0.949787725     -0.312892064
       9.14977723     0.0432364221     -0.962424221     -0.271547021
       9.19180101     0.0420237799     -0.972982601     -0.230874481
       9.23253507     0.0407340595     -0.981577349     -0.191060395
       9.27187593     0.0393408547     -0.988332393      -0.15230643
       9.46091136      0.189035433     -0.999346318     0.0361258887
       9.64994679      0.189035433     -0.974755421      0.223271105
       9.86946881       0.21952202     -0.902742649      0.430178764
       10.0889908       0.21952202     -0.787401204      0.616439246
       10.3437842      0.254793321     -0.606609529      0.794998578
       10.3947428     0.0509586641     -0.565327547      0.824865216
       10.4445498     0.0498070244      -0.52355938      0.851987932
       10.4932804     0.0487306005     -0.481436408      0.876479803
       10.5409434     0.0476629426     -0.439129868      0.898422406
       10.5875347     0.0465913063     -0.396809802       0.91789969
       10.6330389     0.0455042341      -0.35464514      0.934999831
       10.6774286     0.0443896367      -0.31280512      0.949816202
       10.7206625       0.04323396     -0.271461297      0.962448245
       10.7626837     0.0420211761     -0.230790356        0.9730024
        10.803415     0.0407312712     -0.190978271      0.981593174
       10.8427528     0.0393378113     -0.152226755      0.988344512
       11.0317713      0.189018515     0.0361895147      0.999343862
       11.2207898      0.189018515      0.223316646      0.974744832
       11.4403147      0.219524912      0.430223517      0.902721152
       11.6598396      0.219524912       0.61648052      0.787368695
       11.9146363      0.254796697      0.795032374      0.606564982
       11.9655957     0.0509593393       0.82489708       0.56528078
       12.0154015     0.0498058534      0.852016815      0.523512081
       12.0641309     0.0487294008       0.87650577      0.481388811
       12.1117927     0.0476617407      0.898445548      0.439082167
       12.1583828     0.0465900928      0.917920104      0.396762189
       12.2038858     0.0455029979       0.93501762      0.354597803
       12.2482741     0.0443883613      0.949831474      0.312758252
       12.2915067     0.0432326328      0.962461117      0.271415091
       12.3335265     0.0420197725      0.973012996      0.230745015
       12.3742563     0.0407297683      0.981601628      0.190934011
       12.4135925     0.0393361748      0.988350969      0.152183815
       12.6026019      0.189009399      0.999342466    -0.0362237935
       12.7916113      0.189009399      0.974739056     -0.223341166
       13.0111377       0.21952647      0.902709505     -0.430247597
       13.2306642       0.21952647      0.787351123     -0.616502714
       13.4854627      0.254798515      0.606540937     -0.795050524
       13.5364224     0.0509597031      0.565255542     -0.824914188
       13.5862276     0.0498052187      0.523486564     -0.852032313
       13.6349564     0.0487287531      0.481363136     -0.876519695
       13.6826175     0.0476610929       0.43905644      -0.89845795
       13.7292069     0.0465894399      0.396736512     -0.917931035
       13.7747093     0.0455023359      0.354572275     -0.935027137
       13.8190969     0.0443876732       0.31273298     -0.949839633
       13.8623289     0.0432319155       0.27139018     -0.962467981
       13.9043479     0.0420190158      0.230720574     -0.973018634
       13.9450768     0.0407289562      0.190910158     -0.981606111
       13.9844121     0.0393352935      0.152160675     -0.988354377
       14.1734166      0.189004486    -0.0362422513     -0.999341643
       14.3624211      0.189004486     -0.223354351     -0.974735877
       14.5819484      0.219527308      -0.43026053      -0.90270317
       14.8014757      0.219527308     -0.616514617     -0.787341607
       15.0562752      0.254799495     -0.795060239      -0.60652795
       15.1072351     0.0509598989     -0.824923339     -0.565241915
         15.15704     0.0498048864       -0.8520406     -0.523472782
       15.2057684     0.0487284079     -0.876527135     -0.481349269
       15.2534291     0.0476607451     -0.898464568     -0.439042547
       15.3000182     0.0465890868     -0.917936859      -0.39672265
       15.3455202      0.045501975     -0.935032196     -0.354558499
       15.3899075     0.0443873063     -0.949843961     -0.312719342
        15.433139     0.0432315305     -0.962471612     -0.271376738
       15.4751576      0.042018607     -0.973021602      -0.23070739
       15.5158862     0.0407285179     -0.981608456     -0.190897294
        15.555221     0.0393348162     -0.988356142       -0.1521482
       15.7442228      0.189001843     -0.999341129     0.0362521945
       15.9332247      0.189001843     -0.974734094      0.223361445
       16.1527524      0.219527761      -0.90269969      0.430267474
       16.3722802      0.219527761     -0.787336419      0.616520993
       16.6270802      0.254800023     -0.606520903      0.795065421
       16.6780402     0.0509600045     -0.565234526      0.824928215
       16.7278449     0.0498047008     -0.523465317      0.852045006
       16.7765731     0.0487282172     -0.481341766       0.87653108
       16.8242337     0.0476605558     -0.439035035      0.898468068
       16.8708226     0.0465889006     -0.396715154      0.917939931
       16.9163244     0.0455017815     -0.354551052      0.935034856
       16.9607115     0.0443871078     -0.312711972      0.949846226
       17.0039428     0.0432313188     -0.271369481      0.962473498
       17.0459612     0.0420183895     -0.230700272      0.973023132
       17.0866895     0.0407282855     -0.190890348       0.98160965
        17.126024     0.0393345605     -0.152141465      0.988357023
       17.3150244      0.189000409      0.036257542      0.999340781
       17.5040248      0.189000409      0.223365234      0.974733068
       17.7235529      0.219528002      0.430271166       0.90269776
       17.9430809      0.219528002      0.616524366      0.787333583
       18.1978812      0.254800306      0.795068142      0.606517083
       18.2488412     0.0509600611       0.82493077      0.565230526
       18.2986458     0.0498046018      0.852047306      0.523461279
       18.3473739     0.0487281212      0.876533135      0.481337705
       18.3950344     0.0476604564      0.898469883      0.439030969
       18.4416232     0.0465887998      0.917941515      0.396711101
       18.4871249     0.0455016788      0.935036218      0.354547027
       18.5315119     0.0443869994      0.949847374      0.312707994
       18.5747431     0.0432312079      0.962474443      0.271365564
       18.6167614     0.0420182679      0.973023883      0.230696437
       18.6574895     0.0407281571       0.98161022      0.190886611
       18.6968239     0.0393344227      0.988357425      0.152137845
       18.8858236      0.188999641      0.999340523    -0.0362604053
       19.0748232      0.188999641      0.974732449     -0.223367249
       19.2943513      0.219528131      0.902696661     -0.430273115
       19.5138795      0.219528131      0.787332006      -0.61652613
       19.7686799      0.254800457      0.606514992     -0.795069544
         19.81964     0.0509600915      0.565228341     -0.824932081
       19.8694446     0.0498045513      0.523459075      -0.85204848
       19.9181726      0.048728061      0.481335499     -0.876534171
        19.965833     0.0476604027      0.439028765     -0.898470789
       20.0124218     0.0465887436      0.396708908     -0.917942296
       20.0579234     0.0455016231      0.354544853     -0.935036878
       20.1023104      0.044386944      0.312705846     -0.949847919
       20.1455415     0.0432311492       0.27136345     -0.962474879
       20.1875597     0.0420182098      0.230694363     -0.973024217
       20.2282878     0.0407280909      0.190884591     -0.981610457
       20.2676222     0.0393343477      0.152135891      -0.98835757
       20.4566214      0.188999247    -0.0362619583     -0.999340313
       20.6456206      0.188999247     -0.223368351     -0.974732038
       20.8651489      0.219528206     -0.430274169     -0.902695989
       21.0846771      0.219528206     -0.616527071     -0.787331074
       21.3394776      0.254800542     -0.795070271     -0.606513785
       21.3904377     0.0509601084     -0.824932755     -0.565227085
       21.4402422     0.0498045226     -0.852049076     -0.523457811
       21.4889703     0.0487280328     -0.876534691     -0.481334233
       21.5366306     0.0476603719     -0.898471235     -0.439027503
       21.5832193      0.046588713      -0.91794267     -0.396707655
       21.6287209     0.0455015926     -0.935037184     -0.354543613
       21.6731079     0.0443869103     -0.949848159     -0.312704625
        21.716339     0.0432311158     -0.962475057     -0.271362253
       21.7583571     0.0420181729     -0.973024336     -0.230693195
       21.7990852     0.0407280548     -0.981610521     -0.190883454
       21.8384195     0.0393343079     -0.988357584     -0.152134792
       22.0274185      0.188998999     -0.999340129     0.0362627932
       22.2164175      0.188998999     -0.974731756      0.223368895
       22.4359457       0.21952824      -0.90269558      0.430274669
        22.655474       0.21952824     -0.787330546      0.616527496
       22.9102746      0.254800584     -0.606513134      0.795070575
       22.9612347     0.0509601168     -0.565226412       0.82493303
       23.0110392     0.0498045049      -0.52345714      0.852049308
       23.0597672       0.04872802     -0.481333562      0.876534884
       23.1074276     0.0476603585     -0.439026836       0.89847139
       23.1540163     0.0465886989     -0.396706994      0.917942788
       23.1995178     0.0455015746     -0.354542964      0.935037265
       23.2439047     0.0443868951     -0.312703988      0.949848207
       23.2871358     0.0432311001     -0.271361629      0.962475073
        23.329154     0.0420181567     -0.230692587      0.973024322
        23.369882     0.0407280338     -0.190882868      0.981610479
       23.4092163     0.0393342893     -0.152134226      0.988357515
       23.5982152      0.188998893     0.0362632289       0.99933996
       23.7872141      0.188998893      0.223369187      0.974731531
       24.0067424      0.219528262      0.430274925      0.902695288
       24.2262706      0.219528262        0.6165277      0.787330191
       24.4810712      0.254800609      0.795070698      0.606512719
       24.5320314     0.0509601217      0.824933134      0.565225988
       24.5818358     0.0498044927      0.852049385      0.523456722
       24.6305639     0.0487280061      0.876534933      0.481333153
       24.6782242     0.0476603486      0.898471415      0.439026434
       24.7248129     0.0465886904      0.917942791      0.396706599
       24.7703145     0.0455015675      0.935037248      0.354542576
       24.8147013     0.0443868862       0.94984817      0.312703609
       24.8579324     0.0432310894      0.962475017      0.271361263
       24.8999506     0.0420181442      0.973024247      0.230692236
       24.9406786     0.0407280241      0.981610388      0.190882529
       24.9800129     0.0393342754      0.988357409      0.152133905
       25.1690117      0.188998829      0.999339797     -0.036263461
       25.3580105      0.188998829      0.974731343     -0.223369323
       25.5775388      0.219528273      0.902695069     -0.430275026
       25.7970671      0.219528273       0.78732995     -0.616527759
       26.0518677      0.254800621      0.606512461     -0.795070702
       26.1028278     0.0509601242      0.565225727     -0.824933127
       26.1526323     0.0498044909      0.523456463     -0.852049363
       26.2013603     0.0487280052      0.481332897     -0.876534899
       26.2490207      0.047660343      0.439026184     -0.898471366
       26.2956094      0.046588686      0.396706356     -0.917942729
       26.3411109     0.0455015645      0.354542339     -0.935037174
       26.3854978     0.0443868812      0.312703381     -0.949848084
       26.4287289     0.0432310825      0.271361045     -0.962474919
        26.470747     0.0420181394      0.230692027     -0.973024139
        26.511475     0.0407280196      0.190882329      -0.98161027
       26.5508093     0.0393342689      0.152133716     -0.988357283
       26.7398081      0.188998787    -0.0362635802     -0.999339639
       26.9288069      0.188998787     -0.223369369     -0.974731175
       27.1483352      0.219528276     -0.430275037     -0.902694894
       27.3678634      0.219528276     -0.616527735     -0.787329773
       27.6226641      0.254800627     -0.795070638     -0.606512292
       27.6736242     0.0509601254     -0.824933055     -0.565225561
       27.7234287     0.0498044893     -0.852049282     -0.523456302
       27.7721567     0.0487280061      -0.87653481     -0.481332739
        27.819817     0.0476603438     -0.898471271      -0.43902603
       27.8664057     0.0465886807     -0.917942624     -0.396706212
       27.9119073     0.0455015593      -0.93503706     -0.354542204
       27.9562941     0.0443868764     -0.949847963     -0.312703255
       27.9995252     0.0432310819     -0.962474793     -0.271360926
       28.0415434     0.0420181355     -0.973024007     -0.230691917
       28.0822714     0.0407280167     -0.981610133     -0.190882228
       28.1216056     0.0393342672     -0.988357142     -0.152133622
       28.3106044      0.188998773     -0.999339484     0.0362636327
       28.4996032      0.188998773     -0.974731015      0.223369377
       28.7191315      0.219528279     -0.902694735      0.430275014
       28.9386597      0.219528279     -0.787329621       0.61652768
       29.1934604       0.25480063     -0.606512156      0.795070548
       29.2444205      0.050960126     -0.565225429      0.824932958
        29.294225     0.0498044877     -0.523456177      0.852049178
        29.342953     0.0487280023     -0.481332622      0.876534699
       29.3906133     0.0476603406     -0.439025922      0.898471152
        29.437202     0.0465886813     -0.396706109      0.917942501
       29.4827036     0.0455015608     -0.354542105      0.935036934
       29.5270905      0.044386879      -0.31270316      0.949847833
       29.5703215     0.0432310783     -0.271360839      0.962474658
       29.6123397     0.0420181335     -0.230691838      0.973023868
       29.6530677     0.0407280122     -0.190882159       0.98160999
       29.6924019     0.0393342677     -0.152133558      0.988356996
       29.8814007      0.188998775     0.0362636702      0.999339328
       30.0703995      0.188998775      0.223369388      0.974730855
       30.2899278      0.219528284      0.430274993      0.902694574
       30.5094561      0.219528284      0.616527629      0.787329466
       30.7642567      0.254800634      0.795070462      0.606512016
       30.8152168     0.0509601268      0.824932865      0.565225293
       30.8650213     0.0498044861      0.852049078      0.523456047
       30.9137493     0.0487279983       0.87653459        0.4813325
       30.9614096     0.0476603401      0.898471038      0.439025806
       31.0079983     0.0465886784       0.91794238      0.396706001
       31.0534999     0.0455015588      0.935036807      0.354542005
       31.0978868     0.0443868746      0.949847701      0.312703069
       31.1411178     0.0432310791      0.962474522      0.271360754
        31.183136     0.0420181318      0.973023728       0.23069176
        31.223864     0.0407280124      0.981609848      0.190882086
       31.2631982     0.0393342652      0.988356851      0.152133494
        31.452197      0.188998777      0.999339173    -0.0362637081
       31.6411958      0.188998777      0.974730695     -0.223369398
       31.8607241      0.219528289      0.902694414     -0.430274973
       32.0802524      0.219528289      0.787329311     -0.616527578
        32.335053      0.254800637      0.606511876     -0.795070375
       32.3860131     0.0509601275      0.565225157     -0.824932772
       32.4358176     0.0498044845      0.523455917     -0.852048977
       32.4845456     0.0487279998      0.481332374     -0.876534484
        32.532206     0.0476603391      0.439025686     -0.898470926
       32.5787946     0.0465886781      0.396705886     -0.917942262
       32.6242962      0.045501556      0.354541899     -0.935036683
       32.6686831     0.0443868762      0.312702967     -0.949847573
       32.7119142      0.043231078      0.271360658     -0.962474389
       32.7539323      0.042018132       0.23069167     -0.973023592
       32.7946603      0.040728012      0.190882002     -0.981609708
       32.8339946     0.0393342618      0.152133419     -0.988356707
       33.0229933      0.188998744    -0.0362637216     -0.999339019
       33.2119921      0.188998744      -0.22336935     -0.974730548
       33.4315203      0.219528284     -0.430274889     -0.902694283
       33.6510486      0.219528284     -0.616527464     -0.787329205
       33.9058493      0.254800636     -0.795070237     -0.606511803
       33.9568094     0.0509601271     -0.824932631     -0.565225092
       34.0066139      0.049804483     -0.852048832      -0.52345586
       34.0553419     0.0487279972     -0.876534335     -0.481332327
       34.1030022     0.0476603384     -0.898470774     -0.439025646
       34.1495909     0.0465886794     -0.917942109     -0.396705853
       34.1950924     0.0455015565     -0.935036529     -0.354541872
       34.2394793     0.0443868759     -0.949847417     -0.312702947
       34.2827104     0.0432310808     -0.962474234     -0.271360642
       34.3247285     0.0420181342     -0.973023437     -0.230691658
       34.3654565     0.0407280114     -0.981609552     -0.190881998
       34.4047908     0.0393342633     -0.988356551     -0.152133419
       34.5937896      0.188998751     -0.999338866     0.0362636987
       34.7827883      0.188998751     -0.974730401      0.223369305
       35.0023166      0.219528284      -0.90269415      0.430274813
       35.2218449      0.219528284     -0.787329091       0.61652736
       35.4766455      0.254800635      -0.60651172      0.795070107
       35.5276056      0.050960127     -0.565225015      0.824932497
       35.5774101     0.0498044865     -0.523455787      0.852048696
       35.6261381     0.0487279994     -0.481332259      0.876534197
       35.6737985     0.0476603392     -0.439025584      0.898470633
       35.7203871     0.0465886789     -0.396705798      0.917941966
       35.7658887     0.0455015579     -0.354541822      0.935036384
       35.8102756     0.0443868761     -0.312702904       0.94984727
       35.8535066      0.043231076      -0.27136061      0.962474083
       35.8955248     0.0420181365      -0.23069163      0.973023285
       35.9362528     0.0407280127     -0.190881975        0.9816094
       35.9755871     0.0393342635     -0.152133402      0.988356398
       36.1645858      0.188998761     0.0362636977      0.999338712
       36.3535846      0.188998761      0.223369285      0.974730248
       36.5731129      0.219528286      0.430274763      0.902694003
       36.7926412      0.219528286      0.616527281      0.787328957
       37.0474418      0.254800636      0.795069999      0.606511609
       37.0984019     0.0509601273      0.824932383       0.56522491
       37.1482064      0.049804485      0.852048576      0.523455689
       37.1969344      0.048727996      0.876534071       0.48133217
       37.2445947     0.0476603398      0.898470503      0.439025501
       37.2911834     0.0465886778      0.917941831      0.396705721
        37.336685     0.0455015583      0.935036246      0.354541751
       37.3810719     0.0443868747      0.949847129      0.312702841
       37.4243029     0.0432310766       0.96247394      0.271360552
       37.4663211     0.0420181354      0.973023139       0.23069158
       37.5070491     0.0407280121      0.981609252      0.190881931
       37.5463833     0.0393342638      0.988356249      0.152133363
       37.7353821      0.188998754      0.999338559    -0.0362636999
       37.9243808      0.188998754      0.974730098     -0.223369251
       38.1439091      0.219528285      0.902693865     -0.430274696
       38.3634374      0.219528285      0.787328837     -0.616527186
       38.6182381      0.254800636      0.606511517     -0.795069876
       38.6691982     0.0509601272      0.565224824     -0.824932255
       38.7190027     0.0498044885      0.523455607     -0.852048446
       38.7677307      0.048727998      0.481332092     -0.876533938
        38.815391     0.0476603374      0.439025432     -0.898470366
       38.8619797     0.0465886769       0.39670566     -0.917941691
       38.9074812     0.0455015592      0.354541695     -0.935036103
       38.9518681     0.0443868743      0.312702791     -0.949846983
       38.9950992     0.0432310785      0.271360508     -0.962473793
       39.0371173      0.042018136       0.23069154     -0.973022991
       39.0778453     0.0407280113      0.190881898     -0.981609102
       39.1171796     0.0393342617      0.152133339     -0.988356097
       39.3061784      0.188998751    -0.0362636926     -0.999338405
       39.4951771      0.188998751     -0.223369213     -0.974729949
       39.7147054      0.219528285     -0.430274626     -0.902693728
       39.9342337      0.219528285     -0.616527086      -0.78732872
       40.1890343      0.254800636      -0.79506975     -0.606511429
       40.2399944     0.0509601272     -0.824932125     -0.565224743
       40.2897989      0.049804487     -0.852048311     -0.523455533
       40.3385269     0.0487279951     -0.876533798     -0.481332028
       40.3861873     0.0476603418     -0.898470225      -0.43902537
       40.4327759     0.0465886799     -0.917941548     -0.396705602
       40.4782775     0.0455015576     -0.935035958     -0.354541645
       40.5226644     0.0443868749     -0.949846836     -0.312702748
       40.5658955     0.0432310779     -0.962473644     -0.271360471
       40.6079136     0.0420181301     -0.973022839     -0.230691516
       40.6486416     0.0407280134     -0.981608949     -0.190881878
       40.6879759     0.0393342629     -0.988355944     -0.152133323
       40.8769746      0.188998753     -0.999338252     0.0362636813
       41.0659734      0.188998753       -0.9747298      0.223369175
       41.2855016      0.219528285     -0.902693591      0.430274556
       41.5050299      0.219528285     -0.787328602      0.616526988
       41.7598306      0.254800636     -0.606511339      0.795069625
       41.8107907     0.0509601271      -0.56522466      0.824931995
       41.8605952     0.0498044855     -0.523455458      0.852048177
       41.9093232     0.0487279976     -0.481331957      0.876533662
       41.9569835     0.0476603399     -0.439025307      0.898470084
       42.0035722     0.0465886798     -0.396705546      0.917941405
       42.0490738     0.0455015562     -0.354541598      0.935035811
       42.0934606     0.0443868757     -0.312702706      0.949846688
       42.1366917     0.0432310775     -0.271360435      0.962473494
       42.1787098     0.0420181327     -0.230691484      0.973022688
       42.2194379     0.0407280126     -0.190881853      0.981608797
       42.2587721     0.0393342635     -0.152133304      0.988355792
       42.4477709      0.188998751     0.0362636695      0.999338098
       42.6367696      0.188998751      0.223369132      0.974729652
       42.8562979      0.219528284      0.430274481      0.902693456
       43.0758262      0.219528284      0.616526885      0.787328487
       43.3306268      0.254800635      0.795069496      0.606511255
       43.3815869      0.050960127      0.824931862      0.565224582
       43.4313914     0.0498044891      0.852048042      0.523455384
       43.4801194     0.0487279997      0.876533524      0.481331888
       43.5277798     0.0476603379      0.898469943      0.439025247
       43.5743685     0.0465886764      0.917941259      0.396705495
         43.61987     0.0455015581      0.935035664      0.354541551
       43.6642569     0.0443868763      0.949846539      0.312702665
        43.707488      0.043231077      0.962473344      0.271360402
       43.7495061     0.0420181352      0.973022537      0.230691455
       43.7902341     0.0407280118      0.981608645      0.190881831
       43.8295684     0.0393342642      0.988355639      0.152133287
       44.0185671       0.18899875      0.999337945    -0.0362636565
       44.2075659       0.18899875      0.974729504      -0.22336909
       44.4270942      0.219528283      0.902693322     -0.430274407
       44.6466224      0.219528283      0.787328372     -0.616526782
       44.9014231      0.254800634       0.60651117     -0.795069367
       44.9523832     0.0509601268      0.565224504     -0.824931729
       45.0021877     0.0498044875      0.523455314     -0.852047905
       45.0509157     0.0487280023      0.481331823     -0.876533385
        45.098576     0.0476603391      0.439025187     -0.898469801
       45.1451647     0.0465886793      0.396705439     -0.917941116
       45.1906663     0.0455015597      0.354541501     -0.935035519
       45.2350531     0.0443868767      0.312702621     -0.949846392
       45.2782842     0.0432310799      0.271360362     -0.962473196
       45.3203024     0.0420181327      0.230691423     -0.973022387
       45.3610304     0.0407280104      0.190881806     -0.981608493
       45.4003646     0.0393342643      0.152133269     -0.988355486
       45.5893634      0.188998774    -0.0362636694     -0.999337791
       45.7783622      0.188998774     -0.223369096     -0.974729345
       45.9978905      0.219528289     -0.430274385     -0.902693162
       46.2174188      0.219528289     -0.616526732     -0.787328217
       46.4722194      0.254800638     -0.795069281      -0.60651103
       46.5231795     0.0509601276     -0.824931637     -0.565224368
        46.572984      0.049804486     -0.852047805     -0.523455184
        46.621712     0.0487279984     -0.876533276     -0.481331701
       46.6693723     0.0476603357     -0.898469685     -0.439025073
        46.715961     0.0465886767     -0.917940994     -0.396705334
       46.7614626      0.045501558     -0.935035392     -0.354541403
       46.8058495     0.0443868726      -0.94984626     -0.312702532
       46.8490805     0.0432310772     -0.962473059     -0.271360281
       46.8910987     0.0420181317     -0.973022247     -0.230691349
       46.9318267     0.0407280093      -0.98160835     -0.190881739
       46.9711609     0.0393342582     -0.988355339     -0.152133213
       47.1601597      0.188998759     -0.999337637     0.0362636821
       47.3491584      0.188998759     -0.974729194      0.223369066
       47.5686867      0.219528288     -0.902693022      0.430274321
        47.788215      0.219528288     -0.787328095      0.616526638
       48.0430157      0.254800638     -0.606510935       0.79506916
       48.0939758     0.0509601276     -0.565224279      0.824931511
       48.1437803     0.0498044844     -0.523455103      0.852047674
       48.1925083     0.0487280007     -0.481331624      0.876533143
       48.2401686     0.0476603394        -0.439025       0.89846955
       48.2867573     0.0465886758     -0.396705268      0.917940855
       48.3322588     0.0455015588     -0.354541342      0.935035251
       48.3766457     0.0443868753     -0.312702476      0.949846117
       48.4198768     0.0432310784      -0.27136023      0.962472913
       48.4618949     0.0420181314     -0.230691304      0.973022099
       48.5026229     0.0407280119     -0.190881698      0.981608201
       48.5419572     0.0393342616     -0.152133174       0.98835519
       48.7309559       0.18899874     0.0362636723      0.999337483
       48.9199547       0.18899874      0.223369008       0.97472905
        49.139483      0.219528284      0.430274229      0.902692896
       49.3590113      0.219528284      0.616526517      0.787327994
       49.6138119      0.254800636      0.795069016       0.60651087
        49.664772     0.0509601272      0.824931364      0.565224222
       49.7145765     0.0498044829      0.852047523      0.523455055
       49.7633045     0.0487279983      0.876532989      0.481331585
       49.8109648     0.0476603389      0.898469394      0.439024969
       49.8575535     0.0465886806        0.9179407      0.396705239
       49.9030551     0.0455015596      0.935035095       0.35454132
        49.947442     0.0443868755       0.94984596       0.31270246
        49.990673     0.0432310781      0.962472756      0.271360222
       50.0326912     0.0420181347      0.973021942      0.230691299
       50.0734192     0.0407280104      0.981608044      0.190881701
       50.1127534     0.0393342625      0.988355033      0.152133183
       50.3017522      0.188998758       0.99933733    -0.0362636534
        50.490751      0.188998758      0.974728899     -0.223368979
       50.7102792      0.219528286      0.902692753     -0.430274171
       50.9298075      0.219528286      0.787327867     -0.616526431
       51.1846082      0.254800637      0.606510768     -0.795068901
       51.2355683     0.0509601273      0.565224126     -0.824931244
       51.2853728     0.0498044865      0.523454961       -0.8520474
       51.3341008     0.0487280001      0.481331496     -0.876532863
       51.3817611      0.047660339      0.439024886     -0.898469264
       51.4283498     0.0465886759      0.396705167     -0.917940564
       51.4738513     0.0455015565      0.354541257     -0.935034954
       51.5182382     0.0443868743      0.312702405     -0.949845816
       51.5614693     0.0432310791      0.271360171     -0.962472611
       51.6034874     0.0420181342      0.230691255     -0.973021795
       51.6442154     0.0407280106      0.190881663     -0.981607895
       51.6835497     0.0393342637      0.152133149     -0.988354882
       51.8725485      0.188998757    -0.0362636562     -0.999337176
       52.0615472      0.188998757     -0.223368951     -0.974728748
       52.2810755      0.219528287     -0.430274111     -0.902692612
       52.5006038      0.219528287     -0.616526342     -0.787327741
       52.7554044      0.254800637     -0.795068784     -0.606510668
       52.8063646     0.0509601274     -0.824931121     -0.565224032
        52.856169     0.0498044849     -0.852047273     -0.523454875
        52.904897      0.048727997      -0.87653273      -0.48133142
       52.9525574       0.04766034     -0.898469128     -0.439024815
       52.9991461     0.0465886785     -0.917940426       -0.3967051
       53.0446476     0.0455015575     -0.935034814     -0.354541195
       53.0890345     0.0443868738     -0.949845673     -0.312702349
       53.1322656      0.043231077     -0.962472464     -0.271360124
       53.1742837     0.0420181348     -0.973021647     -0.230691214
       53.2150117      0.040728012     -0.981607746     -0.190881627
        53.254346     0.0393342612     -0.988354731     -0.152133121
       53.4433447      0.188998751     -0.999337023     0.0362636501
       53.6323435      0.188998751     -0.974728599      0.223368911
       53.8518718      0.219528286     -0.902692476      0.430274038
       54.0714001      0.219528286     -0.787327625      0.616526241
       54.3262007      0.254800636     -0.606510582      0.795068656
       54.3771608     0.0509601273     -0.565223953       0.82493099
       54.4269653     0.0498044834     -0.523454804      0.852047136
       54.4756933     0.0487279995     -0.481331352      0.876532591
       54.5233536     0.0476603412     -0.439024753      0.898468987
       54.5699423     0.0465886783     -0.396705045      0.917940282
       54.6154439     0.0455015561     -0.354541148      0.935034667
       54.6598307     0.0443868746     -0.312702309      0.949845524
       54.7030618     0.0432310767      -0.27136009      0.962472314
         54.74508     0.0420181333     -0.230691188      0.973021495
        54.785808      0.040728014     -0.190881604      0.981607593
       54.8251422     0.0393342622     -0.152133104      0.988354578
        55.014141      0.188998752      0.036263639      0.999336869
       55.2031397      0.188998752      0.223368872      0.974728451
        55.422668      0.219528285      0.430273967      0.902692339
       55.6421963      0.219528285      0.616526142      0.787327508
       55.8969969      0.254800636       0.79506853      0.606510494
       55.9479571     0.0509601272      0.824930859      0.565223871
       55.9977616      0.049804487      0.852047004      0.523454725
       56.0464896     0.0487280015      0.876532456      0.481331279
       56.0941499      0.047660339      0.898468847      0.439024688
       56.1407386     0.0465886777       0.91794014      0.396704987
       56.1862401     0.0455015573      0.935034522      0.354541096
        56.230627     0.0443868745      0.949845378      0.312702263
       56.2738581     0.0432310791      0.962472166      0.271360048
       56.3158762     0.0420181344      0.973021346      0.230691151
       56.3566042     0.0407280116      0.981607442      0.190881576
       56.3959385     0.0393342636      0.988354427       0.15213308
       56.5849372      0.188998753      0.999336716    -0.0362636345
        56.773936      0.188998753        0.9747283      -0.22336884
       56.9934643      0.219528285        0.9026922     -0.430273903
       57.2129926      0.219528285      0.787327385     -0.616526049
       57.4677932      0.254800636      0.606510398      -0.79506841
       57.5187533     0.0509601273      0.565223782     -0.824930734
       57.5685578     0.0498044854      0.523454644     -0.852046874
       57.6172858     0.0487279985      0.481331206     -0.876532321
       57.6649462     0.0476603373      0.439024624     -0.898468708
       57.7115348     0.0465886777      0.396704929     -0.917939997
       57.7570364      0.045501556      0.354541046     -0.935034377
       57.8014233     0.0443868754      0.312702218     -0.949845231
       57.8446543     0.0432310786       0.27136001     -0.962472017
       57.8866725     0.0420181328      0.230691121     -0.973021195
       57.9274005     0.0407280111      0.190881553      -0.98160729
       57.9667348     0.0393342621      0.152133065     -0.988354274
       58.1557335      0.188998755    -0.0362636238     -0.999336562
       58.3447323      0.188998755     -0.223368803     -0.974728151
       58.5642605      0.219528285     -0.430273835     -0.902692062
       58.7837888      0.219528285     -0.616525952     -0.787327266
       59.0385895      0.254800636     -0.795068286     -0.606510307
       59.0895496     0.0509601272     -0.824930606     -0.565223697
       59.1393541      0.049804489     -0.852046743     -0.523454563
       59.1880821     0.0487279952     -0.876532185     -0.481331135
       59.2357424     0.0476603382     -0.898468569     -0.439024558
       59.2823311     0.0465886772     -0.917939855      -0.39670487
       59.3278327     0.0455015574     -0.935034233     -0.354540992
       59.3722195     0.0443868754     -0.949845084     -0.312702171
       59.4154506      0.043231081      -0.96247187     -0.271359967
       59.4574687     0.0420181338     -0.973021046     -0.230691083
       59.4981968     0.0407280108      -0.98160714     -0.190881521
        59.537531     0.0393342606     -0.988354122      -0.15213304
       59.7265298      0.188998756     -0.999336409     0.0362636194
       59.9155285      0.188998756     -0.974728001       0.22336877
       60.1350568      0.219528286     -0.902691923       0.43027377
       60.3545851      0.219528286     -0.787327144      0.616525859
       60.6093857      0.254800636     -0.606510212      0.795068165
       60.6603459     0.0509601272     -0.565223609       0.82493048
       60.7101503     0.0498044824     -0.523454486       0.85204661
       60.7588783     0.0487279979     -0.481331062      0.876532049
       60.8065387     0.0476603395     -0.439024491      0.898468431
       60.8531274     0.0465886771      -0.39670481      0.917939714
       60.8986289     0.0455015558      -0.35454094      0.935034089
       60.9430158     0.0443868725     -0.312702128      0.949844937
       60.9862469      0.043231077     -0.271359934       0.96247172
        61.028265     0.0420181328     -0.230691058      0.973020894
        61.068993     0.0407280089     -0.190881504      0.981606987
       61.1083273     0.0393342627     -0.152133027      0.988353968
        61.297326      0.188998749     0.0362635968      0.999336256
       61.4863248      0.188998749      0.223368712      0.974727857
        61.705853      0.219528282       0.43027368      0.902691796
       61.9253813      0.219528282       0.61652574      0.787327041
        62.180182      0.254800634      0.795068023      0.606510145
       62.2311421     0.0509601268      0.824930335      0.565223549
       62.2809466      0.049804486      0.852046464      0.523454431
       62.3296746     0.0487280004      0.876531901      0.481331012
       62.3773349     0.0476603409      0.898468282      0.439024446
       62.4239236     0.0465886775      0.917939563      0.396704772
       62.4694252     0.0455015585      0.935033937      0.354540906
        62.513812     0.0443868743      0.949844785      0.312702099
       62.5570431     0.0432310779      0.962471566      0.271359912
       62.5990612     0.0420181329       0.97302074      0.230691041
       62.6397893     0.0407280127      0.981606833       0.19088149
       62.6791235     0.0393342634      0.988353814      0.152133018
       62.8681223      0.188998749      0.999336103    -0.0362635767
        63.057121      0.188998749       0.97472771     -0.223368665
       63.2766493      0.219528281      0.902691664       -0.4302736
       63.4961776      0.219528281      0.787326931     -0.616525633
       63.7509782      0.254800633      0.606510066      -0.79506789
       63.8019383     0.0509601266      0.565223477     -0.824930198
       63.8517428     0.0498044844      0.523454367     -0.852046323
       63.9004708     0.0487279977      0.481330957     -0.876531756
       63.9481312       0.04766034        0.4390244     -0.898468133
       63.9947198     0.0465886784      0.396704731     -0.917939413
       64.0402214     0.0455015585      0.354540872     -0.935033786
       64.0846083     0.0443868768       0.31270207     -0.949844632
       64.1278394     0.0432310795      0.271359887     -0.962471413
       64.1698575     0.0420181337      0.230691023     -0.973020587
       64.2105855     0.0407280127      0.190881478     -0.981606679
       64.2499198     0.0393342653       0.15213301      -0.98835366
       64.4389185      0.188998756    -0.0362635623     -0.999335949
       64.6279173      0.188998756     -0.223368628     -0.974727561
       64.8474456      0.219528282     -0.430273532     -0.902691526
       65.0669738      0.219528282     -0.616525537     -0.787326811
       65.3217745      0.254800633     -0.795067767     -0.606509974
       65.3727346     0.0509601266      -0.82493007     -0.565223391
       65.4225391      0.049804488     -0.852046193     -0.523454285
       65.4712671     0.0487279997     -0.876531623      -0.48133088
       65.5189274     0.0476603404     -0.898467997     -0.439024328
       65.5655161     0.0465886804     -0.917939275     -0.396704664
       65.6110177     0.0455015557     -0.935033643     -0.354540814
       65.6554045     0.0443868795     -0.949844488     -0.312702016
       65.6986356     0.0432310807     -0.962471268     -0.271359838
       65.7406538     0.0420181374      -0.97302044     -0.230690976
       65.7813818     0.0407280149      -0.98160653     -0.190881435
        65.820716     0.0393342658      -0.98835351     -0.152132973
       66.0097148      0.188998764     -0.999335795     0.0362635788
       66.1987136      0.188998764     -0.974727404      0.223368623
       66.4182419      0.219528285     -0.902691372      0.430273496
       66.6377701      0.219528285     -0.787326666      0.616525472
       66.8925708      0.254800636     -0.606509849       0.79506767
       66.9435309     0.0509601271     -0.565223271      0.824929967
       66.9933354     0.0498044813     -0.523454175       0.85204608
       67.0420634     0.0487279964     -0.481330779      0.876531504
       67.0897237     0.0476603381     -0.439024235      0.898467872
       67.1363124     0.0465886792     -0.396704578      0.917939145
        67.181814      0.045501559     -0.354540731       0.93503351
       67.2262008     0.0443868773      -0.31270194      0.949844351
       67.2694319     0.0432310803     -0.271359769      0.962471127
         67.31145      0.042018135     -0.230690916      0.973020296
       67.3521781     0.0407280105     -0.190881385      0.981606384
       67.3915123     0.0393342644      -0.15213293      0.988353361
       67.5805111      0.188998761     0.0362635907      0.999335641
       67.7695098      0.188998761      0.223368603      0.974727251
       67.9890381      0.219528287      0.430273445      0.902691227
       68.2085664      0.219528287      0.616525391      0.787326534
       68.4633671      0.254800637      0.795067559       0.60650974
       68.5143272     0.0509601273      0.824929851      0.565223168
       68.5641317     0.0498044849      0.852045961      0.523454075
       68.6128597     0.0487279981      0.876531381      0.481330684
         68.66052     0.0476603379      0.898467744      0.439024146
       68.7071087     0.0465886802      0.917939013      0.396704494
       68.7526102     0.0455015581      0.935033375      0.354540654
       68.7969971     0.0443868746      0.949844212      0.312701872
       68.8402282     0.0432310794      0.962470985      0.271359708
       68.8822463     0.0420181364      0.973020152      0.230690859
       68.9229743     0.0407280122      0.981606237      0.190881332
       68.9623086     0.0393342617      0.988353213      0.152132886
       69.1513074      0.188998752      0.999335487    -0.0362635966
       69.3403061      0.188998752      0.974727101     -0.223368571
       69.5598344      0.219528286      0.902691087      -0.43027338
       69.7793627      0.219528286      0.787326413     -0.616525296
       70.0341633      0.254800637      0.606509647     -0.795067437
       70.0851234     0.0509601273      0.565223081     -0.824929724
       70.1349279     0.0498044833      0.523453996     -0.852045829
       70.1836559     0.0487280005      0.481330609     -0.876531247
       70.2313163     0.0476603388      0.439024077     -0.898467607
       70.2779049     0.0465886796      0.396704432     -0.917938873
       70.3234065     0.0455015593      0.354540597     -0.935033232
       70.3677934     0.0443868743      0.312701822     -0.949844067
       70.4110245     0.0432310815      0.271359662     -0.962470838
       70.4530426      0.042018133      0.230690822     -0.973020002
       70.4937706     0.0407280098      0.190881304     -0.981606086
       70.5331049     0.0393342631      0.152132862     -0.988353061
       70.7221036      0.188998753    -0.0362635922     -0.999335333
       70.9111024      0.188998753     -0.223368539     -0.974726951
       71.1306307      0.219528286     -0.430273316     -0.902690947
       71.3501589      0.219528286     -0.616525204      -0.78732629
       71.6049596      0.254800637     -0.795067317     -0.606509551
       71.6559197     0.0509601274     -0.824929599     -0.565222991
       71.7057242     0.0498044869     -0.852045702      -0.52345391
       71.7544522     0.0487280024     -0.876531116     -0.481330527
       71.8021125     0.0476603391     -0.898467473     -0.439024001
       71.8487012     0.0465886783     -0.917938735     -0.396704364
       71.8942028     0.0455015565     -0.935033091     -0.354540538
       71.9385897     0.0443868769     -0.949843923     -0.312701766
       71.9818207     0.0432310789     -0.962470692     -0.271359615
       72.0238389      0.042018133     -0.973019854     -0.230690782
       72.0645669     0.0407280107     -0.981605936     -0.190881269
       72.1039011     0.0393342626      -0.98835291     -0.152132834
       72.2928999      0.188998743      -0.99933518     0.0362635823
       72.4818986      0.188998743     -0.974726804      0.223368491
       72.7014269      0.219528284     -0.902690816      0.430273235
       72.9209552      0.219528284     -0.787326181      0.616525095
       73.1757558      0.254800636     -0.606509474      0.795067182
        73.226716     0.0509601271     -0.565222921      0.824929461
       73.2765204     0.0498044854     -0.523453848      0.852045559
       73.3252484     0.0487279997     -0.481330474       0.87653097
       73.3729088     0.0476603382     -0.439023956      0.898467324
       73.4194975     0.0465886794     -0.396704325      0.917938584
        73.464999     0.0455015566     -0.354540506      0.935032938
       73.5093859     0.0443868762     -0.312701742       0.94984377
        73.552617     0.0432310811     -0.271359596      0.962470538
       73.5946351     0.0420181345     -0.230690767        0.9730197
       73.6353631     0.0407280115      -0.19088126      0.981605782
       73.6746974     0.0393342629      -0.15213283      0.988352755
       73.8636961      0.188998757     0.0362635704      0.999335027
       74.0526949      0.188998757      0.223368464      0.974726652
       74.2722232      0.219528286      0.430273178      0.902690673
       74.4917515      0.219528286      0.616525009      0.787326052
       74.7465521      0.254800636      0.795067068      0.606509371
       74.7975122     0.0509601273      0.824929341      0.565222824
       74.8473167     0.0498044889      0.852045437      0.523453753
       74.8960447     0.0487279962      0.876530841      0.481330389
       74.9437051     0.0476603386      0.898467192      0.439023877
       74.9902937     0.0465886782      0.917938448      0.396704253
       75.0357953      0.045501557      0.935032799       0.35454044
       75.0801822     0.0443868749      0.949843627      0.312701683
       75.1234132     0.0432310783      0.962470392      0.271359546
       75.1654314     0.0420181342      0.973019552      0.230690724
       75.2061594      0.040728012      0.981605633      0.190881222
       75.2454937     0.0393342618      0.988352604      0.152132799
       75.4344924      0.188998759      0.999334873     -0.036263574
       75.6234912      0.188998759        0.9747265      -0.22336844
       75.8430195      0.219528287      0.902690529     -0.430273123
       76.0625477      0.219528287      0.787325923     -0.616524925
       76.3173484      0.254800637      0.606509266     -0.795066954
       76.3683085     0.0509601275      0.565222725     -0.824929223
        76.418113     0.0498044874      0.523453662     -0.852045313
        76.466841     0.0487279983      0.481330302     -0.876530714
       76.5145013     0.0476603363      0.439023798     -0.898467059
         76.56109     0.0465886771      0.396704182     -0.917938312
       76.6065916     0.0455015575      0.354540374      -0.93503266
       76.6509784     0.0443868773      0.312701621     -0.949843486
       76.6942095     0.0432310753      0.271359493     -0.962470247
       76.7362277     0.0420181337      0.230690678     -0.973019405
       76.7769557     0.0407280099      0.190881184     -0.981605483
       76.8162899     0.0393342607      0.152132768     -0.988352453
       77.0052887       0.18899876    -0.0362635775     -0.999334719
       77.1942874       0.18899876     -0.223368416     -0.974726348
       77.4138157      0.219528289     -0.430273067     -0.902690385
        77.633344      0.219528289      -0.61652484     -0.787325795
       77.8881447      0.254800638      -0.79506684     -0.606509162
       77.9391048     0.0509601276     -0.824929104     -0.565222627
       77.9889093     0.0498044858     -0.852045188     -0.523453571
       78.0376373     0.0487280005     -0.876530586     -0.481330216
       78.0852976     0.0476603396     -0.898466929     -0.439023715
       78.1318863     0.0465886787     -0.917938178     -0.396704103
       78.1773878     0.0455015541     -0.935032522     -0.354540305
       78.2217747     0.0443868757     -0.949843344      -0.31270156
       78.2650058     0.0432310794     -0.962470104     -0.271359434
       78.3070239     0.0420181361      -0.97301926     -0.230690622
       78.3477519     0.0407280104     -0.981605337     -0.190881134
       78.3870862     0.0393342618     -0.988352305     -0.152132723
        78.576085      0.188998755     -0.999334565     0.0362635894
       78.7650837      0.188998755     -0.974726195      0.223368394
        78.984612      0.219528289     -0.902690241      0.430273013
       79.2041403      0.219528289     -0.787325665      0.616524757
       79.4589409      0.254800639     -0.606509057      0.795066727
       79.5099011     0.0509601278     -0.565222527      0.824928986
       79.5597056     0.0498044894     -0.523453475      0.852045067
       79.6084336     0.0487279968     -0.481330128      0.876530459
       79.6560939     0.0476603399     -0.439023633      0.898466798
       79.7026826     0.0465886773     -0.396704029      0.917938043
       79.7481841     0.0455015543     -0.354540237      0.935032383
        79.792571     0.0443868742     -0.312701499      0.949843202
       79.8358021     0.0432310763     -0.271359382      0.962469959
       79.8778202     0.0420181314     -0.230690582      0.973019112
       79.9185482     0.0407280088     -0.190881101      0.981605186
       79.9578825     0.0393342614     -0.152132696      0.988352154
       80.1468812      0.188998747     0.0362635786      0.999334411
         80.33588      0.188998747      0.223368346      0.974726049
       80.5554083      0.219528287      0.430272932      0.902690109
       80.7749365      0.219528287      0.616524647      0.787325555
       81.0297372      0.254800638      0.795066593      0.606508979
       81.0806973     0.0509601276      0.824928848      0.565222457
       81.1305018     0.0498044828      0.852044922      0.523453417
       81.1792298     0.0487279999      0.876530312      0.481330075
       81.2268901     0.0476603419       0.89846665      0.439023585
       81.2734788     0.0465886782      0.917937893      0.396703987
       81.3189804     0.0455015574      0.935032233      0.354540199
       81.3633672     0.0443868762      0.949843051      0.312701466
       81.4065983     0.0432310774      0.962469807      0.271359355
       81.4486165     0.0420181316      0.973018959       0.23069056
       81.4893445     0.0407280081      0.981605033      0.190881086
       81.5286787       0.03933426      0.988351999      0.152132689
       81.7176775      0.188998751      0.999334258    -0.0362635611
       81.9066762      0.188998751      0.974725901     -0.223368305
       82.1262045      0.219528287      0.902689974     -0.430272859
       82.3457328      0.219528287      0.787325439     -0.616524546
       82.6005334      0.254800637      0.606508893     -0.795066466
       82.6514936     0.0509601275      0.565222377     -0.824928716
        82.701298     0.0498044864      0.523453341     -0.852044789
        82.750026      0.048728002      0.481330003     -0.876530176
       82.7976864     0.0476603397      0.439023522      -0.89846651
       82.8442751     0.0465886777      0.396703931      -0.91793775
       82.8897766     0.0455015556      0.354540151     -0.935032087
       82.9341635     0.0443868732      0.312701428     -0.949842902
       82.9773946     0.0432310807       0.27135932     -0.962469658
       83.0194127     0.0420181338      0.230690529     -0.973018809
       83.0601407     0.0407280114      0.190881058     -0.981604882
        83.099475     0.0393342621      0.152132665     -0.988351847
       83.2884737      0.188998742     -0.036263547     -0.999334105
       83.4774725      0.188998742     -0.223368253     -0.974725755
       83.6970008      0.219528284     -0.430272775     -0.902689844
        83.916529      0.219528284     -0.616524433     -0.787325332
       84.1713297      0.254800636     -0.795066329     -0.606508819
       84.2222898     0.0509601272     -0.824928575     -0.565222311
       84.2720943     0.0498044899     -0.852044647     -0.523453279
       84.3208223      0.048727999      -0.87653003     -0.481329951
       84.3684826     0.0476603413     -0.898466362     -0.439023475
       84.4150713     0.0465886783       -0.9179376     -0.396703891
       84.4605729     0.0455015552     -0.935031935     -0.354540118
       84.5049597     0.0443868753      -0.94984275       -0.3127014
       84.5481908     0.0432310782     -0.962469503     -0.271359301
        84.590209     0.0420181347     -0.973018654     -0.230690516
        84.630937     0.0407280095     -0.981604726     -0.190881053
       84.6702712     0.0393342623     -0.988351692     -0.152132666
         84.85927      0.188998756     -0.999333952      0.036263531
       85.0482687      0.188998756     -0.974725604      0.223368222
        85.267797      0.219528286     -0.902689703      0.430272713
       85.4873253      0.219528286     -0.787325207      0.616524344
       85.7421259      0.254800636      -0.60650872      0.795066211
       85.7930861     0.0509601273     -0.565222218      0.824928453
       85.8428906     0.0498044833     -0.523453197      0.852044516
       85.8916186     0.0487280017     -0.481329874      0.876529897
       85.9392789     0.0476603368     -0.439023409      0.898466223
       85.9858676     0.0465886783     -0.396703831      0.917937459
       86.0313691     0.0455015571     -0.354540063      0.935031792
        86.075756     0.0443868724     -0.312701354      0.949842603
       86.1189871     0.0432310777     -0.271359261      0.962469355
       86.1610052      0.042018133     -0.230690484      0.973018503
       86.2017332     0.0407280111     -0.190881026      0.981604575
       86.2410675     0.0393342653     -0.152132642       0.98835154
       86.4300662      0.188998751     0.0362635207      0.999333798
        86.619065      0.188998751      0.223368178      0.974725457
       86.8385933      0.219528284      0.430272637      0.902689569
       87.0581216      0.219528284      0.616524239      0.787325094
       87.3129222      0.254800635       0.79506608      0.606508638
       87.3638823     0.0509601271      0.824928318      0.565222143
       87.4136868     0.0498044818      0.852044377       0.52345313
       87.4624148     0.0487279989      0.876529753      0.481329816
       87.5100751     0.0476603385      0.898466078      0.439023356
       87.5566638     0.0465886789      0.917937311      0.396703784
       87.6021654     0.0455015597      0.935031643      0.354540021
       87.6465523     0.0443868774      0.949842455      0.312701314
       87.6897833     0.0432310779      0.962469205      0.271359227
       87.7318015      0.042018132      0.973018352      0.230690458
       87.7725295     0.0407280136      0.981604423      0.190881003
       87.8118637     0.0393342618      0.988351387      0.152132629
       88.0008625      0.188998758      0.999333645    -0.0362635121
       88.1898613      0.188998758      0.974725306     -0.223368148
       88.4093895      0.219528285      0.902689428     -0.430272576
       88.6289178      0.219528285      0.787324969     -0.616524149
       88.8837185      0.254800636      0.606508539     -0.795065962
       88.9346786     0.0509601272       0.56522205     -0.824928195
       88.9844831     0.0498044853      0.523453041     -0.852044252
       89.0332111     0.0487279954      0.481329736     -0.876529622
       89.0808714     0.0476603391      0.439023282     -0.898465943
       89.1274601     0.0465886779      0.396703717     -0.917937173
       89.1729616     0.0455015572      0.354539962     -0.935031501
       89.2173485     0.0443868769      0.312701262      -0.94984231
       89.2605796      0.043231076      0.271359184     -0.962469057
       89.3025977     0.0420181328       0.23069042     -0.973018203
       89.3433257     0.0407280109      0.190880974     -0.981604272
         89.38266     0.0393342628      0.152132604     -0.988351235
       89.5716588      0.188998757    -0.0362635066     -0.999333491
       89.7606575      0.188998757     -0.223368112     -0.974725156
       89.9801858      0.219528285     -0.430272508      -0.90268929
       90.1997141      0.219528285     -0.616524054     -0.787324849
       90.4545147      0.254800636     -0.795065839     -0.606508447
       90.5054748     0.0509601272     -0.824928068     -0.565221964
       90.5552793     0.0498044838     -0.852044119     -0.523452963
       90.6040073     0.0487279978     -0.876529487     -0.481329662
       90.6516677       0.04766034     -0.898465805     -0.439023214
       90.6982563     0.0465886774     -0.917937032     -0.396703656
       90.7437579     0.0455015585     -0.935031358     -0.354539907
       90.7881448     0.0443868734     -0.949842163     -0.312701216
       90.8313759     0.0432310786     -0.962468909     -0.271359142
        90.873394     0.0420181341     -0.973018054     -0.230690383
        90.914122     0.0407280109     -0.981604121     -0.190880943
       90.9534563     0.0393342616     -0.988351083     -0.152132581
        91.142455      0.188998773     -0.999333337     0.0362635174
       91.3314538      0.188998773     -0.974724999       0.22336811
       91.5509821       0.21952829     -0.902689135      0.430272476
       91.7705104       0.21952829     -0.787324702      0.616523992
        92.025311      0.254800639     -0.606508318      0.795065745
       92.0762712     0.0509601277     -0.565221839      0.824927967
       92.1260756     0.0498044873      -0.52345284      0.852044014
       92.1748036     0.0487279937     -0.481329548      0.876529374
        92.222464     0.0476603366     -0.439023109      0.898465686
       92.2690527     0.0465886809     -0.396703554      0.917936909
       92.3145542     0.0455015565     -0.354539811       0.93503123
       92.3589411      0.044386876     -0.312701124      0.949842032
       92.4021722     0.0432310788     -0.271359056      0.962468774
       92.4441903     0.0420181319     -0.230690304      0.973017914
       92.4849183     0.0407280106     -0.190880871      0.981603979
       92.5242526     0.0393342611     -0.152132514      0.988350938
       92.7132513      0.188998742     0.0362635246      0.999333183
       92.9022501      0.188998742      0.223368058      0.974724854
       93.1217783      0.219528285      0.430272389      0.902689006
       93.3413066      0.219528285      0.616523875      0.787324598
       93.5961073      0.254800637      0.795065604      0.606508249
       93.6470674     0.0509601273      0.824927823      0.565221778
       93.6968719     0.0498044858      0.852043866      0.523452787
       93.7455999     0.0487280019      0.876529228      0.481329495
       93.7932602      0.047660338      0.898465538      0.439023062
       93.8398489     0.0465886782      0.917936758      0.396703516
       93.8853505     0.0455015562      0.935031077      0.354539781
       93.9297373     0.0443868748      0.949841877      0.312701102
       93.9729684     0.0432310806      0.962468619      0.271359038
       94.0149865      0.042018133      0.973017759      0.230690292
       94.0557146     0.0407280111      0.981603824      0.190880864
       94.0950488     0.0393342637      0.988350783      0.152132511
       94.2840476      0.188998754       0.99933303    -0.0362635095
       94.4730463      0.188998754      0.974724703     -0.223368025
       94.6925746      0.219528286      0.902688866     -0.430272326
       94.9121029      0.219528286      0.787324474     -0.616523784
       95.1669035      0.254800637      0.606508152     -0.795065485
       95.2178637     0.0509601274      0.565221687     -0.824927699
       95.2676681     0.0498044843      0.523452704     -0.852043737
       95.3163961     0.0487279989      0.481329421     -0.876529094
       95.3640565     0.0476603392      0.439022993       -0.8984654
       95.4106452     0.0465886809      0.396703451     -0.917936618
       95.4561467     0.0455015573      0.354539721     -0.935030935
       95.5005336     0.0443868745      0.312701049     -0.949841733
       95.5437647     0.0432310789      0.271358993     -0.962468472
       95.5857828      0.042018134      0.230690253     -0.973017611
       95.6265108     0.0407280107      0.190880831     -0.981603673
       95.6658451      0.039334262      0.152132486     -0.988350631
       95.8548438      0.188998738    -0.0362634909     -0.999332877
       96.0438426      0.188998738     -0.223367964      -0.97472456
       96.2633708      0.219528282      -0.43027223     -0.902688741
       96.4828991      0.219528282      -0.61652366     -0.787324376
       96.7376998      0.254800635     -0.795065339      -0.60650809
       96.7886599     0.0509601269     -0.824927549     -0.565221633
       96.8384644     0.0498044879     -0.852043587     -0.523452654
       96.8871924     0.0487280014     -0.876528943     -0.481329377
       96.9348527     0.0476603408     -0.898465248     -0.439022954
       96.9814414     0.0465886786     -0.917936464     -0.396703422
        97.026943     0.0455015607      -0.93503078     -0.354539696
       97.0713298     0.0443868771     -0.949841578     -0.312701028
       97.1145609     0.0432310808     -0.962468317     -0.271358977
        97.156579     0.0420181353     -0.973017455     -0.230690242
       97.1973071     0.0407280093     -0.981603518     -0.190880828
       97.2366413     0.0393342627     -0.988350475     -0.152132488
       97.4256401      0.188998755     -0.999332723     0.0362634765
       97.6146388      0.188998755     -0.974724408      0.223367937
       97.8341671      0.219528285     -0.902688598      0.430272174
       98.0536954      0.219528285     -0.787324247      0.616523576
        98.308496      0.254800635     -0.606507985      0.795065225
       98.3594562     0.0509601271     -0.565221534      0.824927431
       98.4092606     0.0498044863     -0.523452563      0.852043463
       98.4579886     0.0487279982     -0.481329294      0.876528813
        98.505649     0.0476603388      -0.43902288      0.898465113
       98.5522377     0.0465886781     -0.396703354      0.917936326
       98.5977392     0.0455015587     -0.354539637      0.935030638
       98.6421261     0.0443868736     -0.312700978      0.949841433
       98.6853572     0.0432310797     -0.271358935       0.96246817
       98.7273753     0.0420181328     -0.230690208      0.973017305
       98.7681033     0.0407280101       -0.1908808      0.981603366
       98.8074376     0.0393342648     -0.152132464      0.988350324
       98.9964363       0.18899876     0.0362634765       0.99933257
       99.1854351       0.18899876      0.223367913      0.974724256
       99.4049634      0.219528286      0.430272118      0.902688454
       99.6244917      0.219528286      0.616523492      0.787324118
       99.8792923      0.254800636      0.795065112      0.606507881
       99.9302524     0.0509601273      0.824927312      0.565221436
       99.9800569     0.0498044848      0.852043339      0.523452472
       100.028785      0.048727995      0.876528682      0.481329212
